0,1,2,3,4,5,6,7,8,9,10,11,12,13,14,15,16,label
-0.949214577576236,0.34185998570320775,0.2973674337934013,0.5560175160819975,1.8689735053030105,0.3393812103023079,1.0947580831832746,-1.1517124917950898,1.3919276472941076,0.7671581364441518,0.7709511338029812,1.5449841836633493,-1.1086042321956993,1.4291715663810893,0.7350450094205773,0.7572299774813598,1.5683702772446293,0
0.4015164486361777,0.6252161782317627,0.5804749878130142,-0.48614098963784497,0.9956466839616314,0.5944599822522311,1.295086284983988,-1.0038423637091571,1.1441759740671726,0.78887488923731,2.1283239476551907,0.8455104860058785,-1.0649847120331233,0.6351465520744968,0.3014729665217643,1.5513429078934335,0.31042055960741843,0
0.5209438151784785,0.07099356475673574,0.03220462571141635,-2.0259180920811373,1.2257911822548395,0.050768991470863396,1.0982977605960729,-0.9010318935461776,1.0823075892705394,1.220580541669399,1.0173200929517083,0.8630715097175319,-0.9666012842492601,0.9275826672157083,1.0792229689129156,0.8755865441179955,0.6598807115705461,0
1.0250183080013422,-0.36000944656556727,-0.3787083702165957,-2.345440099130522,1.0520471271318914,-0.3566038439716032,0.7948435950587822,-0.7566493416616191,1.848405005651741,0.996234798584945,1.0072640595795899,0.9162378379334387,-0.8999088504673736,1.562222688343421,0.710678533685287,0.7219370971179324,0.588971763524426,0
1.1320986781389657,0.7228116553314173,0.6793385336938891,-0.22940211327264437,0.2810971134625941,0.7130808731702155,1.2268742398285692,-1.0620700866958994,1.521621646573308,1.801094332605284,1.6218056798368314,0.6673684975984752,-1.0896464834010873,1.0540019495818636,1.3191105880337564,1.1572764944901683,0.20692488788224137,0
0.5769307557466754,0.7851846825370317,0.7428852728717822,0.6093566789792865,0.5150411289843984,0.7551379597011245,1.3260186482192247,-0.9416067825828589,0.18154735245090425,2.1945916288224754,1.207796682875643,1.569705013641076,-1.0156565159555575,-0.14766489836929664,1.807534214454607,0.8411121500119081,1.1416341150355707,0
0.44821141698927464,0.11936638954407565,0.07916699602091821,0.7129692800735471,1.1166346259564284,0.09704526916075362,1.1995009445736782,-1.0692056181647198,0.06909436743943524,0.8084805866816005,1.658093534295609,0.44984637201047933,-1.0646428674966044,-0.1101905488200306,0.6835131735408445,1.654564243251643,0.2646567942303266,0
-0.2306720018553571,-0.6465798333217605,-0.6444338150329996,0.4005104634705139,1.3442466740836445,-0.6574953352048011,1.2756532927456288,-1.3129132340873895,0.7244926086147299,0.24283443809607108,1.12931593299513,1.8232810191523785,-1.2117785463359663,0.7129248101006674,0.16354260380674565,1.22015302452978,1.9254890356381962,0
-0.6531504088378335,-0.43533044558690653,-0.44912991314911505,-1.4366509244623638,1.8214009016739883,-0.4379438141619907,1.035088640617822,-0.8503153382589236,0.21124672293828511,-0.02858858711023105,0.017591613677853,1.2829226933603681,-0.8053579563640648,0.5992695148662704,0.2643487491482625,0.38006984697506113,2.1533629297674577,0
2.443880168169692,1.4905253175930446,1.4812149368107075,0.6978527977979245,0.3172004182044457,1.5645282896505426,0.9504646195395307,-0.5523777500667895,0.203120876160628,1.3356435140101812,1.3904238579229788,1.0769766806227328,-0.8077256476728334,-0.1538540225514077,0.9170943175376577,0.9725169859050345,0.6229477265134254,0
-0.497573440250093,-0.33387671920656825,-0.3541789826696774,-0.32232728936443755,0.4850744314890416,-0.34338040995033353,1.089924737012269,-0.8363139126151211,-0.14988825690434374,2.2912340960636715,1.0036444727428409,1.2821858894219054,-0.9414596667212375,-0.41565354936089194,2.0692596434103057,0.751630833715656,0.9871978311112675,0
-0.24917086554489568,-0.32988808611437015,-0.3504306925692852,-1.002280914802617,0.37988211062740856,-0.34532948101237443,1.1001257584270563,-0.9450357938230705,0.9996657962890018,0.6763224568364316,1.0647586510215157,1.5816166663094429,-0.9965943308753012,0.8140359650888388,0.47421728964817855,0.8971297370949696,1.3783174858474676,0
-1.1312623434318647,-0.22769933978229914,-0.254004474422298,-0.2709649874649416,0.9492255053347004,-0.21018413871227407,1.0116198915512236,-0.9462037874363318,0.6479133567462151,0.9969304049586067,1.149742592726856,1.7263449163191937,-1.0048761171787108,0.39532004393655773,0.7481718740883958,0.9149397611538649,1.4428185100736197,0
-0.20480450322804536,-0.6773660266116688,-0.6726249042938008,0.4671824180731003,1.2188207840410488,-0.6882328457472665,0.9646020770823104,-0.7426226590243343,0.43602885103999794,1.1772011178612107,0.5777846126962645,2.0853023962859405,-0.8682265625963844,0.25694628146516924,1.0461797706318798,0.39872534557887174,1.9592440225208272,0
-0.26377797552232457,-0.5650961212341655,-0.5694856363553169,-0.28268996216585035,0.1972656714685211,-0.5766722729353233,0.9440602631882228,-0.8068395853853773,1.355712460598404,0.8666579470045609,0.6707854898128442,0.07978810619628514,-0.8636499070937222,1.5525077771092823,0.9863340845121722,0.7789620874687712,0.028906788917576816,0
0.1201129690003493,-0.5678065489633403,-0.571986443778349,-0.6499816524461504,0.5515350289953836,-0.5826971230454902,0.8418643037738175,-0.8356010710250616,1.322684217053143,-0.11485541826687054,1.6486873806578404,0.46951425011670084,-0.9378743424086925,1.0957876901313355,-0.387051072680467,1.4701456935044557,0.18651059447161822,0
-0.8998392956645497,-0.34839350619180726,-0.3678112506339727,-0.32599542947239907,1.3613579871767578,-0.34160386731799425,1.1137530440692611,-0.932448843701726,-0.00996502391205905,0.8206590478829343,1.3584240146697102,0.9027477186310777,-0.979095290083722,-0.1914323915070986,0.702775042728584,1.323504964554717,0.7549561637438361,0
-1.611128844504453,0.6633580810406489,0.6190299057975054,0.6117126354472259,1.1068308565122937,0.697702695293954,1.3778076126056151,-1.0742949454508268,0.5660382638857833,0.7128909167280136,1.575826136103031,1.7816447308505512,-1.086949093644793,0.24788227078213534,0.38377070819623355,1.2587692907249368,1.3878066806453357,0
3.319054622169061,1.8670631128917672,1.8901959562617792,1.564594960876399,0.6200095385943516,2.0352987774867053,1.358661215387113,-0.9638492174557602,-0.16040688882457743,0.06529516378456036,0.7338634447158618,1.9214799790287371,-0.9630545447446156,-0.20298078993275537,0.06731017257987051,0.9240012400940543,2.2887135813626935,0
-1.687013776895179,-0.8457682348836757,-0.8256104070319858,0.22395610674113242,1.401004099703281,-0.7736095587683208,1.1129444575525451,-1.1768639093508682,-0.5799013842244243,0.8629041238810771,0.8205335482393514,0.9937821171428892,-1.099142136841098,-0.6473148146696935,1.2416072000096894,1.2469181399096276,1.3828100965070176,0
-0.28452012483985095,-1.3336029095873836,-1.2571290797626287,-0.45737633192195676,0.9368596087877865,-1.3329627051992503,0.7236538205444139,-0.9737710004172516,0.20183296337298873,1.157042008175799,0.5492220963728235,0.7902854568050014,-0.960187455438351,0.2903555671195003,1.5011250932287823,0.7683030030175014,1.0091992521789823,0
0.01767535332361479,-1.6588557803614696,-1.5352054651397615,0.03696149068156711,0.25886422309415114,-1.657130749104259,0.6673576465423393,-1.1802600523959734,0.4226746235037993,1.610105225809213,0.09684989930880741,0.4293336661043497,-1.0829580915131287,0.8771346082287881,2.6185880482770334,0.4745248283238441,0.8960293854749505,0
-0.9091685797120522,-1.6700974015574435,-1.5446788080203533,-0.5363914247986796,0.5602371819170778,-1.6400231224906978,0.6762374931886435,-1.0779586362906521,0.6646275403390207,0.9743878258087562,0.2744341400963413,1.2655848794192703,-1.027336476584014,0.9429331275520596,1.3616900041135365,0.47884268720404993,1.7035091361712063,0
-1.2588715264373256,0.2979245740996903,0.25399414422022115,0.030718089748652744,0.2730885296592013,0.31392289100690385,1.0516061756237007,-1.0066142262033921,1.2824403264606468,1.6920409552956304,1.6228072408293845,0.4590128415339166,-1.055077323435654,0.8806365092955897,1.2751396496813276,1.2212313563726094,0.0493459846492792,0
-1.4459143204403928,1.1272324900091566,1.0964062970830932,0.9759407554199632,0.20276529693929649,1.1403711893578428,1.3187911111459596,-0.9309906675863434,0.8565471931160621,2.1682203354143423,2.319059152169769,1.3626603092823337,-1.0575135070585302,0.1453252181233429,1.1881809978204474,1.305550430514406,0.48049260765407653,0
0.9294716813085221,0.015200371074668192,-0.02175014235031794,1.4637079882835278,0.9456853297691921,0.00826926336194695,1.0476142521734904,-0.9170145160859057,1.1021826252338982,1.5154622670121376,0.5576768946241628,1.684706111364591,-0.9722501377715395,0.9815369126669858,1.4341400647184346,0.39471395706216467,1.5638567218270423,0
-0.18056267328411452,0.23539796232218796,0.1925098887098713,0.8851814452448881,0.9838530450136264,0.21027793639080158,0.9137490891590784,-0.943022706927923,2.252853767381263,1.6718734288305044,0.3801013435551813,1.3536245671137443,-0.9909826750169637,2.173103628926621,1.573749796984321,0.17597033722931607,1.1854568758081991,0
-0.9398909891834722,1.1226447276771954,1.0916082786593475,-0.9529240970768175,1.650852214439633,1.106547241055911,1.3346018889014246,-1.03017132603348,1.6254202000954756,1.5910198676531015,1.7681952212853327,0.478161525709888,-1.0748037896691214,1.1208409572307636,1.0897338728081063,1.2662980471076513,0.011732052344684801,0
0.7745301160733077,1.5018520409857772,1.4933669758599672,-0.7238705040877456,1.2640361203923647,1.4657345114109164,1.5100907243147776,-0.9856196541374418,0.6872954362832578,1.483510942868083,2.9389620597469315,1.3162751189951918,-1.090166362033325,-0.04755216900678191,0.5497359547097151,1.6914619286931099,0.36389406651951345,0
0.436210438428367,0.06717361919509632,0.02850332135723088,0.43549232292316853,0.9062916929483592,0.04545102773788465,1.409315265827956,-1.1809871576265756,-0.08828635312742092,0.09151398770080182,1.6688691016733253,1.0785537472493278,-1.129264582330704,-0.2394021394948243,-0.04942272162234515,1.7757449616015504,1.0182392780145237,0
-0.27167201798353785,-1.0882315562739957,-1.042249761758881,-0.1931344591439041,0.2675971057425617,-1.091626927019076,1.0381341360987404,-1.180707393937384,0.043215415211882,0.3112175949190023,1.4955168928472466,0.46158500781929196,-1.1197092758650373,-0.006070536823136872,0.3074875924235423,1.7802965184568846,0.4623325678336451,0
0.5430790646710967,-0.7217926328337528,-0.7131849325406073,0.2943419848473219,0.12408094608517205,-0.7293071175541873,1.0740796151978704,-1.0491288739642441,0.3355358187655964,1.3746865391638774,0.6848033672113313,1.2196039394278615,-1.0327113667531613,0.32068009745984843,1.5458306354129252,0.7560114264418077,1.3219822691086212,0
0.4631007664872002,-1.0051134235897063,-0.9684665026301329,0.11393676817040106,0.1505682374183176,-1.0099434920799941,0.9462951832212985,-1.107029361291926,0.39560392126248056,2.029445520299972,0.6494664395746576,1.069074384735998,-1.0754064795410272,0.35561221854984576,2.2474858667476383,0.6664297191071102,1.096523272371021,0
0.7312417466221481,-1.5999632648597846,-1.4854262035170318,1.0081845355439925,0.9303622358766067,-1.5882601334723543,0.7178574734867119,-1.1709814863321804,0.35487885563413163,2.0108152327247546,0.34131609422456904,0.9234096985584381,-1.101025621265669,0.49370102775238384,2.607177462417758,0.5097555899402139,1.1925452805097905,0
-0.6790713610908118,-0.09503109399658627,-0.1276830507139711,-0.0005387085048127567,1.7594348003629503,-0.10216705752717337,1.3286679474092826,-1.232160707207855,0.10246107420934554,0.5950345921123005,0.7198361778197097,1.3559886950195927,-1.143074460232286,0.20562706671456207,0.8453310655471388,1.0574413462341297,1.7887953490081634,0
-0.2717513366454923,1.733367120754754,1.743798324816293,-2.2895171597629846,1.4412523242245099,1.6867709425974828,1.292437460750681,-0.9030529903505402,0.3018853473767231,0.23938738720967181,0.7678443258394074,2.892827665585085,-0.9645068379073257,0.12437717031105805,0.04890531278811167,0.6244862541262375,2.8347293420824142,0
-3.642345556222999,2.09303281638308,2.140592859714,-2.7099261177295344,0.7322979696192331,2.3300258744521316,0.6053917740966328,-0.9818178707657824,-0.37126986877248286,0.45944255945087403,1.0268335481915536,0.08082500504431135,-0.9523453352960635,-0.3745563766250011,0.7156135154144322,1.536226676305014,0.20773888755662268,0
1.9320043215401044,-1.1003513081907532,-1.0529663354041117,0.34619044428996015,0.7511498317715775,-1.018289699013368,0.7251061664376158,-0.7580164561841174,0.5201087833549807,1.0012116320718134,0.5426962952965398,0.8824432561780167,-0.8329582887501772,0.5550374889794427,1.131534410049914,0.6051906021972441,0.9569640167099915,0
1.395685259335674,-1.8900525166668862,-1.728183972535056,1.0627650375144249,0.6762836152191977,-1.837368064502538,0.36000629529012296,-1.2585161796065047,0.05103915754868044,0.937598158158227,0.3773944770967846,-0.22244637046132468,-1.1333786067624376,0.5425114456826339,1.9808081413573848,1.1822357383605724,0.14239317631098292,0
1.1269100821030655,-0.6388269753558089,-0.6373236006918729,-0.33560878998463856,0.1789891652206206,-0.6256608526234665,0.9058000860631624,-1.0026185049236394,1.1473641893928748,1.4345431010992273,0.8050682916386708,1.1190495848881987,-1.021942954261304,1.0599243442505313,1.3814903838746597,0.7028707241693917,0.9944824132836011,0
1.5364509115147784,0.12358449471340618,0.0832701867682347,-0.27833695553055027,0.06748566281319049,0.14803058920129078,1.4240403559647716,-0.8824986503890857,1.5889759540515962,0.10893985839193986,1.4676347029918657,0.8918500271702374,-0.9698504306697647,1.3274622520349717,-0.17563402621462282,1.2324653194914932,0.5838405542747117,0
0.9496398573341067,-0.7299047581357029,-0.7205755176373547,0.02795030058195598,0.28955272107287816,-0.7237402567227514,1.1613605440773134,-0.9524933596665988,-0.1103054910392547,0.9879250951783739,0.7782590584994716,0.854061115986176,-0.9543514219562773,-0.13914216120343587,1.2056168778568852,0.9873245096578505,1.0100367404337802,0
1.4610984588599147,-1.1918789179403844,-1.1335518201196875,-0.2061200890965729,1.1655569036105795,-1.147826761088193,0.9846037163692807,-1.117848255417018,-0.07970324385267827,0.9770192620611622,0.6338373768969974,0.9260129839975492,-1.0563107172491994,-0.008600519464209906,1.3736206940691336,0.9743188933014799,1.277254565024349,0
0.5651543573479173,-1.354589079826843,-1.275303793590349,1.0563660926484773,1.1169301978807036,-1.351755293484011,1.0386964063172341,-1.1163957731509704,0.13459451616360293,0.23019788837899127,0.6022349713437808,2.011269475848683,-1.064134104451584,0.1965967032030694,0.3178627665213859,0.8226042874485859,2.5006516829213448,0
-0.25200014959471984,0.9174081205000619,0.8785336876599456,-2.1367629637342254,3.3776897809824993,0.8829513743901702,0.8674261162103576,-0.8062341269788339,-0.31989089149279926,0.022965783946934784,0.4635301216322719,-0.044393224310408354,-0.7512071594997475,-0.1203476857144675,0.40667172953964237,1.1586090310440398,0.309992912302762,0
-4.39713344164134,4.489312115925773,5.024698250124709,-3.5538240151067,1.364908196159009,4.762590420568252,0.6186107203260847,-0.38610041930698746,-0.2394944999722733,0.14333042500272544,1.0047263609552524,-0.06658179222438115,-0.5791962898612868,-0.3326936885446013,0.11415628808427439,1.1843875534554544,-0.14849699468815677,0
1.810861857400456,-0.9449968797382793,-0.9147880368259225,0.14208961143055637,0.4678868542518259,-0.8775859595411232,0.5673212148406659,-1.2955005331150056,0.23150127767297232,1.3268469302339039,0.8480360181935184,-0.1733888198333112,-1.1848280000191673,0.4680723375886817,1.9659938067506324,1.3877125767485463,-0.07236247107574074,0
0.30998852227611434,-1.0546924890989018,-1.0125379616539023,0.5089548634603516,-0.007265310587109673,-1.0610873612832308,0.609487330884871,-0.7246895511120203,0.7270494717053182,0.7318693636207907,0.6768072354409761,-0.08373315249367906,-0.7876931562932553,0.9103785557243075,0.9281052441765991,0.897894812456642,-0.09802298490094655,0
0.9258280670551837,-0.7876067069587251,-0.7730068432734045,0.351164159945396,0.7184996038648969,-0.7815196460031709,0.7382209402549328,-0.7066275117314174,0.35326162409864575,1.0567108803499472,0.820314692557367,0.30334489893098054,-0.8069934697114917,0.3243927099412542,1.1458461394583932,0.8973815803621988,0.24364105241706077,0
1.1240166272250924,-1.2582288884884743,-1.1915882474035213,0.321823282387977,0.8224419144078559,-1.234497371581517,0.7867681551606399,-1.096679489359173,0.18366332690196768,1.0488539611904066,0.8325601482532621,0.9759762235749174,-1.058005572850073,0.19560564566420915,1.245818285211085,1.0218908453605204,1.1229687813829312,0
0.40288595970029345,-1.943198777582678,-1.771994607902273,0.49725473573216483,-0.32352382103347427,-1.9347524717760272,0.6689553080755981,-1.0566586509431621,0.13039571429682445,0.6284378616311032,0.11689764360133643,0.47231069777310924,-0.9602741297450841,0.5973652576169093,1.3885102330588912,0.6668114442128369,1.1392866305940967,0
1.2746316658448853,-2.0985315738301193,-1.8988626817202967,0.5052762589632815,1.0795642690832503,-2.0504492475309988,0.68439675428296,-0.8856973810347866,-0.4102884461097727,0.3147829450855467,0.19320189939175983,1.556427511731182,-0.8549344417475049,-0.35417275009077026,0.6602112646052473,0.5351264664492814,2.3567863516819614,0
0.9260687260371685,-2.092712540241184,-1.8941416635134798,-0.3702779844099098,1.1796833362015542,-2.064884046333543,0.5368334716999573,-1.2975533209584438,0.024438576116189624,0.3897870502582537,-0.058873358218948506,0.33036693204069406,-1.1514989621008924,0.807961217309762,1.5149278371202681,0.8055716597645549,1.416459741795897,0
2.1873855501878987,-0.8794364868493544,-0.8559487210705755,0.2408311872792753,0.32471320346936644,-0.776351708483725,0.6113193259573554,-1.099556240716477,0.04272915634214203,0.9136862751139448,0.3980864421404344,0.25695393732048655,-1.014918382286222,0.3449610181085116,1.62646733701408,0.9435929047911878,0.6634562945397424,0
4.426888163813407,4.50674288230331,5.047209396801974,1.1516928412638863,0.07898680641292957,4.752691599326051,1.017918011309992,-0.5002792242205277,0.10889411696678988,-0.09417274334734489,1.2874398412957566,1.3484662288257043,-0.7370738767990136,-0.13297781901958283,-0.3581268469391688,1.098697610726759,1.0959363609736401,0
-1.16108117660399,-0.8611527815588937,-0.8394835962440576,1.050241322651598,1.3367773419431108,-0.8302468780085969,0.7633875137413061,-1.0076217917373274,0.10964909942477016,0.2240210946163464,1.261157826275372,0.8816061011922631,-1.0073525136503976,0.04380651441381406,0.1722232789356475,1.4329630894894314,0.9069073821810728,0
-1.3375855890446602,-1.7786532771081722,-1.6356856148788654,0.5559589297645084,0.6755707213016438,-1.7172692110033678,0.6662931662286702,-1.0766904766468277,-0.3264902585237736,0.6468493383910636,0.8529173605435911,1.0753802262983543,-1.0334497616947584,-0.36353266591701894,0.8642669610402601,1.1778031640505455,1.3733375392548237,0
-1.2494731921647138,-0.9042040045079012,-0.8782139254618141,0.37047112484454375,0.6472270948641877,-0.866490055105024,1.0958883697782529,-1.1335985283583934,-0.329271172751669,0.284981907120082,1.449911949073527,0.6134499429408973,-1.08552313756637,-0.42923566462329843,0.29856050983226246,1.7656558178116535,0.6669873888976104,0
-0.606770283680946,-1.4872781564693105,-1.389474454554293,-0.06790689286923507,0.7929751638407502,-1.4746221562981037,0.7772257746450681,-1.2544935131128312,0.37363367594828,0.043799037056895244,0.9791545471394455,0.2849925723277631,-1.1514665857964432,0.6857405900873783,0.24601247515976607,1.615741681830544,0.5669450188160405,0
-1.3596461427066375,-2.5191734174604425,-2.2336004747189824,0.13260986844355763,1.1059750715525092,-2.440731780577283,0.12469079919392856,-1.2815494284931819,1.2222870231717264,0.9960642672279514,0.059112352570987604,-0.3259709917648904,-1.1531232373145104,2.4217622297096857,2.1084756274169334,0.6767123829854669,-0.004266914533247052,0
0.059843733890187704,-1.8918076459150592,-1.7296340814642865,1.2186028104898035,0.6229672125024385,-1.8867153862595256,0.6542723407348618,-1.06942431967433,-0.020626466887506186,0.6689320510311014,-0.0322753320360812,0.8398863181616514,-0.9667168785821811,0.39675102969436316,1.4985903151652187,0.4620576067958104,1.7501177168885773,0
-1.589482075585934,-0.9542360525948942,-0.9230548715575475,-0.2511624819131551,0.8746258038568344,-0.8885664188523452,0.7581544491603953,-1.079291945340471,0.9666317321041072,1.3639746700071353,0.37391426077309414,0.36998096694327387,-1.0274604599779134,1.3405263753464502,1.881637117528055,0.622163755272233,0.5646791067595726,0
-2.0434871010853404,-0.16950076089076388,-0.1987479073313221,-1.0373189150565802,0.42025332576209057,-0.07744852604704303,0.7222271743830517,-1.0219118180948026,0.16363909791923856,0.7902388102247312,0.5337631128604956,0.7561584891897437,-0.9806737439809031,0.3308968079873611,1.1680813617177086,0.8762014376133119,1.0980847091066583,0
3.8311395146054803,2.697509760299102,2.8286909119270853,2.8016542197518253,0.8157165943894487,2.912917161100198,0.567536597111897,-0.7907906147224197,0.655610419127339,0.4596789433769471,0.8944516010330694,0.06487298419298276,-0.8436543153888949,0.7749010506914463,0.5438600119572176,1.118984631940161,0.04773301989298761,0
-1.7015821635236192,-2.364960964794326,-2.1123774819030072,-0.4260249194426083,0.03595283477068926,-2.2568901506692916,0.31274064352282205,-1.1510308770033657,0.2986128355362742,0.8484588829600954,-0.17248635380099892,0.7242068305777597,-1.0316943327669437,0.9709783619864379,1.8926946926327837,0.3020818169340508,1.6794233211065086,0
-0.8404564554812151,-1.821164732273066,-1.671090866562839,1.5198835982809846,1.2244894241800683,-1.7922173128869283,0.3763887737202545,-1.1631485492460534,1.0380681307484618,0.5188495146214153,0.108940275128354,1.0292949368666446,-1.071748723933144,1.710939362067621,1.0007267882511648,0.46084470485150764,1.7029786706684107,0
-0.8611803893963365,-0.8520645768303202,-0.8312902881854353,1.430281085997935,1.2783999559367873,-0.8386429817056771,0.717896466955076,-0.934571229591691,1.3859117245751733,1.3526658897456407,0.36618785129290676,1.3803931624753352,-0.9651437300490434,1.452502678925548,1.4300245395833,0.3014350888974622,1.4163745991556362,0
-0.7453575922441902,-1.7351807466260918,-1.5993438411816352,0.3895576648705236,1.058262133668212,-1.712469751947514,0.6371255500539127,-1.0581155493152075,0.9547699764952726,0.47378048509592835,0.4472388560857778,0.3125679014337462,-0.996553450183294,1.4847885235001332,0.8472252183805558,0.8657915243651457,0.6133782914902093,0
-1.12764981559064,-1.177891331070546,-1.1212759397467498,0.8910875747693999,0.6996998748989376,-1.14334862757229,0.8809759690064678,-1.1601957823011948,1.1436976003806232,1.0221996795410426,0.2806294048903409,1.914346768397267,-1.1014327868548848,1.352003595771077,1.2212762858669295,0.3306996104875118,2.2527690856988793,0
-1.5617446097755059,-0.6442935216976177,-0.6423374735657031,0.38109591657141373,0.5812714650752495,-0.5874908376769148,1.040092643333379,-1.1100770409554233,1.5417481525485794,0.2743636698166415,0.36361880426363896,1.1865251985764247,-1.0531453550994059,2.039028072253522,0.43117662254320044,0.5790514268126399,1.5744932380231584,0
0.8243112383964095,-0.2658561068469636,-0.29009850199818815,0.9294849567430689,1.2312044349787417,-0.2722519743564051,1.0413325735715984,-0.9671029657590418,1.3525380238149127,0.7310433642351224,0.9797225807541321,0.6544125926186756,-0.9919983920918696,1.3588178561448299,0.6731549863914446,0.9777645836389107,0.5559950014214762,0
-0.18469193321192048,1.3744445299094659,1.3572144778102484,0.8673597859567596,0.6134551402087995,1.3320678803884394,1.4003087449282112,-1.070328849264951,1.6650630803863726,0.8862427128699673,1.4630915892691791,1.3324921823908618,-1.0878548274943853,1.2773688981755267,0.5214221421866184,1.094977855390489,0.9080918502880103,0
3.4114392685045045,3.6295385225058676,3.9417951834593405,1.9206881269622977,0.788621578000892,3.7599396864494103,1.3964086059357737,-0.7245407216183721,1.1799124488516812,-0.0773983505617039,1.0548135193996062,3.1740045629367706,-0.9055355662517133,0.748752930517029,-0.4524201331677916,0.613446152356676,2.5608128870602394,0
-2.048785242747984,-0.7840085319284567,-0.7697444216622521,-0.8883818191691367,1.4716038591077056,-0.6765923151324463,1.1281028809084483,-1.0865481530099168,-0.1563163861833264,-0.11904106594363796,0.3470721913309389,0.9312768027916996,-0.9895360588636871,0.14351728795993887,0.21316352854804882,1.0087561765517814,1.8017722883440437,0
-0.6256805849433494,-0.6401584034225365,-0.63854497639801,0.6440913157200635,0.8525994484928706,-0.6404930432020575,1.1131545596819206,-1.0328853724276803,0.30185617436699325,1.0545839220850979,0.9931442674846958,2.0305162658678433,-1.0466304399267208,0.10784604105802816,0.9034430401901741,0.8503434512727056,1.8857592980761864,0
-0.4516805817517277,-0.4577290240523012,-0.46999182184387434,0.9172743157001899,0.8845325033597409,-0.466610883782854,1.212967844403865,-1.0803633287161674,0.1679943792295123,1.4232062221485695,1.3272655525166128,1.4022373222787343,-1.0809531174706957,-0.07264102579889535,1.2211879263256125,1.1413042294516922,1.1504001466453306,0
-0.8196124509577687,-1.2628630606693894,-1.195629788069234,0.27943680353348815,1.0918358359665317,-1.2445315735448783,0.8456119666894399,-1.0858688830826027,-0.31097511596885963,1.7118981940947489,0.722297284979109,0.4489043929670268,-1.0397144844307757,-0.3423324562830077,2.2213260956734167,1.009764080466798,0.5966044933417227,0
-1.5345091547089935,-0.9735184305687129,-0.9402879319052233,1.295816760679177,1.2422803593620473,-0.9122209952167493,0.8934831053781379,-1.194824775182785,0.5151997548431285,1.653596090129842,0.5867305711374848,0.6168451245168382,-1.1195326576274183,0.6779360102076188,2.124643182528936,0.8144680930315242,0.7909728510542495,0
-1.0971086570761124,-0.9036136950875142,-0.8776837758665812,1.338172260269777,0.9892511272031129,-0.8760270046304001,1.0277016671303245,-1.0245922213114855,0.3079398283781344,0.6362022362013493,0.6260153982627091,1.5068657834479933,-1.005577703076747,0.3619399681147472,0.7666437948909026,0.7854396805400957,1.788234158579693,0
-0.9606978597526429,-1.0711087478495682,-1.0270911350455907,-0.8092242131143473,1.58289761816068,-1.0486304680417864,0.7957543554665972,-0.7074788823114584,0.04496132559286397,0.8080548044297187,0.5143737326425407,0.76368644852699,-0.77556053753286,0.07224251954705872,1.0226690491550403,0.6867293597601404,0.939108322515669,0
-0.37014865163462823,-0.8756160397411863,-0.8525102848982061,-0.33447568488790524,1.3666554345685475,-0.8801153927679212,0.8502591946550028,-0.8172953775181078,0.15726186563461775,0.31674413823433856,1.0270507114239904,1.6357366865079563,-0.9024890088856441,0.009040882334370873,0.17681119066108159,0.9852045538779031,1.5838356717723416,0
0.760507979548906,0.5196269473383088,0.4742949765159952,1.621719569447783,1.2177445707346226,0.49858012583742634,1.428823444917569,-1.1009999140529834,0.3984845722622233,3.3949808679121007,0.7606856732871418,1.9221483311068077,-1.1041084984659295,0.06553861367127875,2.9946475745468515,0.3911963246785011,1.4882962881255613,0
-0.22182576640323298,0.056072204792886625,0.017752729882985718,1.540428096168916,1.201623175817778,0.034282301494898484,1.1812528431225489,-0.6650058625519544,1.181593541013639,0.5843728514329571,0.6175710773118792,1.3428636071191424,-0.8078015408355254,1.1178412095402184,0.4674664436229372,0.5081989170682647,1.2583377392620294,0
0.21294320790418442,-0.7146861143848858,-0.706706571862781,0.011485375740500695,0.09242695341934759,-0.7270442156663617,0.6842492574959578,-0.8352284369960967,1.2655060728980139,0.850595989703594,0.7136760649449686,0.38939972730978706,-0.8910084794882274,1.3862947366022027,0.9151328087430121,0.7783873854473392,0.35068916467414973,0
0.3236869876985644,-0.27557386819936996,-0.2992739857690512,-1.0575121871130737,0.03221602250181594,-0.2936295968950162,0.818258338938045,-0.48254263674217657,0.6800349390056983,0.5697478406130033,1.1583897840414064,0.5108264706180247,-0.7229608118862235,0.4655397666063082,0.34586011707149483,0.977286238639921,0.25260984777236256,0
0.1543262718238918,0.4499909358920554,0.4047136246015649,-1.8568266504171667,0.5461691831996329,0.41982538988951185,1.2572025148452548,-0.7514016408057299,1.0074677408239354,0.47732509832415554,1.41235324874346,1.7726120184371068,-0.91735632149765,0.6032036785183208,0.0887016700388803,0.9888360057483231,1.2733898983063527,0
0.05300612541632566,0.3439905465294952,0.2994743091684663,-1.563620251850299,0.7045930229367555,0.3154038737386347,1.3151247832965165,-1.0077053605015498,0.1931190353752444,1.87440964704269,1.5487776164564995,0.4229414305626774,-1.042082702819865,-0.07256093567074841,1.6344431258774665,1.3258941737787227,0.11808410203150761,0
-0.008277203676044214,0.09865613538729726,0.05903975185274956,-0.05450791926821395,0.8570884811015536,0.07399636079569136,1.2185986672368192,-1.1846149042579184,3.652937308470667,0.13288273111511117,0.9314442604579825,1.70293653431245,-1.1464795398128451,3.3670507101125327,-0.16189767756452894,0.644935895726188,1.3743609029263384,0
0.9730485410375685,-0.0890857365516691,-0.12199211192132893,-0.7842636540171449,1.6435723256579093,-0.09249381671039628,0.9305191369010857,-0.8876733723936958,3.713466293030243,-0.07525115655599773,0.8377563723062273,1.0160127021392273,-0.9695783808750081,3.5161508298697903,-0.3502367232648753,0.5893470683297318,0.7338075435896768,0
-0.6206113317082897,0.5018429512487496,0.4564913643494792,-0.7741784936298698,1.496474621458411,0.4830112483143944,1.2197581063572949,-0.8300420634392673,1.5271336754074338,0.4635556777633851,1.4574565137913018,1.0569008216806515,-0.9515754265118235,1.1654424746727283,0.1217366255748558,1.1121134044260852,0.6618986934336054,0
-0.6682577992347852,-0.2340428951831535,-0.2600124477016507,0.2515136057639754,-0.07612508244164706,-0.23934015365960573,0.7794102396366249,-0.617915757914573,0.12275418248736965,0.8094487966987389,0.8022305051470664,0.07025754699197924,-0.7296449366680479,0.11435657541787872,0.9420473383827499,0.9693308397051371,0.03418099004478604,0
1.43246070978685,-0.4295547716121117,-0.4437445583448719,0.07685758247490701,0.5202419930001236,-0.4018634437954382,0.7708737926788072,-0.5379997113625813,-0.06165882373482274,0.27494538731397855,1.4012909660723258,0.5560690872886594,-0.7458993233513989,-0.2754757019443375,0.06923273929540816,1.3018287617788848,0.3379593154942894,0
-0.034929478720805714,-0.21592598574174807,-0.24284617952121712,1.267829141176561,1.0434245415653995,-0.2356789343848389,0.7348316735921471,-0.9553672295192598,0.9734976940443139,0.3664456562670877,1.3447744670836095,0.31239043611624157,-0.9858321085867745,0.9279228924085333,0.254622468301789,1.3899254994356394,0.16997439113076032,0
0.3811719422320468,0.2511569071550133,0.2079792876782655,0.875828620270876,0.8298116877612767,0.22581141111811037,0.7172883858509975,-0.9100298965129466,0.9793584399357665,1.058464872000372,1.5893519735247004,0.6654561904035013,-0.9941746621738311,0.651299546182865,0.7261463554071953,1.2716663057583533,0.29912862917957556,0
0.7366910598417303,-0.35158318906762615,-0.37080452728836216,-0.9280259824441576,0.736163410697803,-0.3595857518789659,0.6740744697418994,-0.66629359458766,1.8046745160922968,0.6627434593557289,0.6639209983949015,0.10963742772783978,-0.7888586618276915,1.9338126139165486,0.6450855959489565,0.6626166140972962,-0.008759596341141193,0
0.7033311803339722,-1.02505869846794,-0.9862176304771838,-2.0226353709468574,0.5095501912891989,-1.023447448085576,0.8129011170534173,-0.9120772681437241,1.1416934349786068,-0.02556065106155837,0.5192365206163642,1.3496484484793954,-0.9238885370053178,1.3942802315708742,-0.030660154475472604,0.6715367826748749,1.6282246310850732,0
1.5945960461076207,-0.11110795039725287,-0.14305904196720912,-0.8041284155405024,0.8704305158977487,-0.07806553059540997,1.3983759288043862,-1.1425897444881434,1.0748099390289465,0.5116237338500264,1.659565422199388,0.8250250315335163,-1.1179588579008164,0.855020589235296,0.2708112133881862,1.4984411154155186,0.5589069639367582,0
-0.6371012442105788,-0.07474017043532867,-0.10824983463174999,1.6812118755435892,0.35212927583939846,-0.08376290616856051,1.1849182243373784,-1.0093250809783676,1.1253987463591584,1.6777672363072156,1.203637131521662,0.4594456548963872,-1.0368430912261184,0.9288400485408909,1.5116740575972267,1.0310078254177588,0.20269174714565158,0
-1.1292109041011116,1.614255208469132,1.6144667220275453,-0.6031820186486483,1.0362110780629683,1.5992643401599693,0.6885083372202291,-0.798766747488678,-0.02678276145791501,1.5559159238776543,0.3787616042743987,0.10602159441499018,-0.8161665719953868,0.06840866100282747,2.1513538794960803,0.6410825390544743,0.23521062535855825,0
3.388558361408241,2.247721711019115,2.3141475134114415,2.59646843963553,1.0193451885181093,2.4141881827432607,0.7729991759451378,-0.9811281216266171,0.5286145437749942,1.3167164331384282,0.8456455858568739,0.06832846739969038,-0.9770071234417237,0.6158602958303613,1.582502061882721,1.0486547487023419,0.046867493335193654,0
-1.1727901047849236,-0.9040033608831659,-0.8780337327487578,-0.13043215854796666,0.05031217775369958,-0.8715349558660827,0.8103155333121261,-1.1087334003495002,1.6676879416005144,0.6751339318355766,0.8466883300127869,0.6868109733430245,-1.0745972984565206,1.837854490917757,0.7000403993198138,0.9297677515734791,0.6839271958879893,0
-0.8234632244871761,-2.2191933995450244,-1.9962006992532226,0.6644586101016987,0.11145795629822935,-2.184274722084824,0.646293300681376,-1.2046062082752937,1.186219077901861,0.007822752060011115,0.11945003890943195,1.4206907681874554,-1.1046670679487662,1.9357265252877562,0.2788043663766631,0.4874236185393167,2.27083368869098,0
-1.0623857403030663,-1.8968809764550583,-1.7338244669105682,1.0916779062515904,0.04481638560961736,-1.8533853148266186,0.7732432767982476,-1.1717022212421973,0.46745993164048905,0.3372938778724286,0.30102652186383005,1.5553018746783798,-1.0864573389986567,0.8149471415430353,0.6517492910858195,0.6481282538334561,2.2854694968682465,0
-0.6264784806442428,-1.0089699207041427,-0.9719010119405572,0.4827191754334938,-0.060335722514248014,-1.003311332308452,0.9345957897320798,-0.953697202476578,1.542393274269803,0.6241606896952333,0.4066826927324196,1.3055197102167664,-0.9642758658251175,1.7674391674424659,0.6922908762078822,0.44645257902203417,1.4646559992533923,0
-0.3170842173920792,-0.14377460935452724,-0.17424363314452854,0.4475714877586409,0.7258957531128832,-0.16078173747563132,0.8726905734911306,-0.6903065457225233,1.5968794287498143,1.75556377375243,0.9905394369507603,0.4156670191540129,-0.8655282374985979,1.2851966715607093,1.451071366243634,0.6807244097219317,0.07486142641282983,0
-1.0956926635455129,0.23605049947240903,0.19315007759983158,0.17521436690239645,0.6682686513989522,0.2432280219437374,1.1166927072615935,-0.9770452971942387,0.7816910613378493,1.0864831173404297,1.8621517950865534,1.0954845129585056,-1.0452472344311825,0.3528361358356413,0.6290526038465192,1.3745358267164414,0.5909769902459222,0
-0.6024633107628912,-0.8534686410125912,-0.8325564899121485,-1.030649420993471,0.5699779538762624,-0.8512205036240656,1.2024700114253477,-1.158237344098055,0.32872569555902986,0.15397107977870458,0.9052483614591701,1.6350111014211064,-1.1002440216903568,0.3726647292784445,0.16196747696121894,1.1191863597123601,1.9154459930759051,0
-0.3440350688386618,0.8821981613667871,0.8422873148065566,0.9096202329780746,1.1291958065341379,0.8499521965727533,1.328315723183795,-0.9139143168294828,1.2697529238463021,0.6860227350520933,0.6542766395449843,1.4254143697134412,-0.9561823621957218,1.2823964938397552,0.6347489898105276,0.610567853023085,1.423837879321946,0
-4.524937805615495,6.85460899142434,8.281587092561109,-6.311584897708917,3.1744544639651537,7.068503277314486,0.3172980415790519,-0.2610797747083689,2.173956440024745,0.13664952900075705,0.33696409347327405,-0.10247810857567267,-0.5130684223235058,2.406786964408622,0.06446057761626522,0.30239463078978823,-0.2271020743534685,0
2.0444485747570953,-2.337071728842813,-2.090269454893126,1.0220743512386465,0.6513455852376336,-2.2139206387839896,0.29996826392067244,-1.2026160343161345,1.494424203531387,-0.10694116034331891,0.32820813036599533,-0.03463490697987384,-1.0895000307322658,2.6633498767578367,0.2444416031546501,0.9980793233941104,0.3626828674661745,0
0.638269629522442,-3.5851978055376117,-3.0242159547781955,1.0575920014564357,1.0610848865835858,-3.544946341857076,0.3550032911199379,-1.1074099164545268,-0.34537721679106953,-0.5157417078186671,0.28306901351163455,0.16854587791810283,-0.9597390758963988,0.10400541566594605,-0.17848036303777268,1.388550843655037,1.0654545044477006,0
1.3154518912346138,-2.859688783726889,-2.495138283468851,-1.1345594679379725,1.496627470582404,-2.7942004349028515,0.4015649000179643,-1.1891487372735132,-0.014896173620487401,-0.5597048082110719,0.24234140862724546,0.20476357477485227,-1.0408817960987595,0.712066816796072,-0.2431792455668904,1.3453322961066638,1.1587446108445945,0
1.3366437251881143,-1.5116976881365713,-1.4103462469718062,-0.45278737050170853,0.944451966575468,-1.4703459022286351,0.643192662464018,-1.0780964607022367,1.1610013617484545,0.4711257364228206,0.7724952819145442,-0.060053874978155064,-1.0263227827412236,1.5939939802992926,0.7154798738026654,1.1674564716750453,0.013973419664844191,0
1.0797360882390328,-1.3844320560997412,-1.3010935621941122,0.9450764398700223,0.4389160936239459,-1.3609100967605456,0.8196884202369069,-1.0398552846630806,0.02351666818640082,1.1165765358748254,0.7982320477314903,0.5239236504610277,-1.0090575581054018,0.060722515488711694,1.4355597398609643,1.08190397164391,0.6674041126257106,0
2.118826395834429,-1.1085639246916212,-1.060222046874854,0.06895745233535586,-0.0001390309236121658,-1.0073295486053029,0.8928184344939103,-1.0382767094625864,0.21645648920581562,0.01071364062995985,1.0606177309869835,0.6636238614857698,-1.0077312066279407,0.3011662489947536,0.044790306627284115,1.4276607794208056,0.8418013087794762,0
0.5666554359649515,-1.619216461943978,-1.5017278747795197,0.09585549148665803,0.30177322862960493,-1.6122229391271021,0.6035594458466079,-1.1449738114650998,1.5094436065741685,-0.2175871450388994,0.4822272821300618,0.5949673170410897,-1.063389197846519,2.263891207381087,-0.0973436530260504,0.9343782746443928,1.013968767970738,0
0.9300869789631574,-3.1930369327074066,-2.742992305141929,-0.5913756477402246,0.5447350716886508,-3.1462573901436066,0.04466805750841147,-1.16219840577543,0.6396129904129083,-0.13746664463019012,-0.27678505394307074,-0.3062409104591879,-0.9785689003692416,2.3177124398811437,0.7977787381833606,0.6492711848676637,0.4975433283377193,0
-2.965772542148568,2.5285289557520425,2.6336544707885925,-2.329156890356028,1.1540767780346517,2.6581766252780326,1.2413306683775989,-0.9475103400573379,2.2791942255659983,1.0164404223287886,1.2111884333724878,0.0813783978825365,-1.0015203888835928,2.100356776215037,0.8037757450926255,1.0227872649180247,-0.19541255311746702,0
1.470955717326539,0.4433057792731228,0.3980522926313109,0.010760247111340637,0.6615480598943486,0.45745245725295264,1.2383485008942086,-1.2593497867328116,2.2857598823931706,1.873414100569373,1.271997395116375,1.6766054696212487,-1.1968413541070198,1.734378081397684,1.3584555361391197,0.7870285322082895,1.1171893413864087,0
1.0219479736945702,-0.1528215082741519,-0.18286633891304718,-0.5664032752649852,1.2389430090310756,-0.15301608436581865,1.0996702525246336,-1.0650869708345225,0.9718942953678216,0.7123509660831534,1.1529500160210187,0.454676717854813,-1.0495621640989397,0.9933001232730281,0.7035603178782384,1.24883398949827,0.3816642542660685,0
1.9207196975488146,-1.4502174138913986,-1.357715041252248,-0.400327883089226,0.9070218475112015,-1.361384899548619,0.47474392847752117,-1.155859781681785,0.7901822914406079,2.1485478474841977,0.43909365607696815,0.11157197287682638,-1.0893439980507729,1.0487931913996518,2.798881679940174,0.6485015722751547,0.18565805548060643,0
1.3247873144271483,-1.077736909752126,-1.0329615037803477,0.19519816268581106,0.9545468738900502,-1.0451905079296282,0.4892577064228922,-1.0441588006490328,1.0128312174676446,3.5227044962566025,0.10629925233435172,0.7476855198160183,-1.0378240478496426,1.0192155420623035,3.8906526525103264,-0.01714798404196411,0.6931655188534642,0
1.1414214792991921,-0.5010417127949203,-0.5102293853236798,-0.8584610493979092,1.8729194270378589,-0.4894838771044615,1.0026496368409348,-0.9887686078137138,0.45373512812367406,0.9986316689235654,0.28747349764977204,1.193138808386342,-0.9630045307586796,0.6590285397717089,1.3755549467022872,0.4826272110510521,1.5912793215450867,0
1.0807323381110878,-0.6107418627841897,-0.6115298490148512,-1.6194407810637712,1.980719918294775,-0.6004241139973802,1.07981578834827,-0.9657696386092595,1.0026847243481778,0.9334747720843346,0.8974413354190334,1.5065005889107592,-1.0023624784427054,0.8748532428559382,0.8037523803331442,0.7762550875038933,1.373739766160073,0
1.5749715197984153,-0.5593106275700263,-0.5641457941787169,-1.3903683148139092,0.42965326935630926,-0.5190628583473877,1.0562934447599397,-1.203147914904651,0.437281664643694,1.709110537760732,1.0477583700894797,0.6441430126362065,-1.1402483383778208,0.3837858860726619,1.8417163866942048,1.1164226318212602,0.5903133245468437,0
0.03719383980841135,-0.3810215561700585,-0.39839524035686996,-0.14849881528826867,0.28686034405009514,-0.39863852673463973,1.0659632002393957,-1.003332714342111,0.7237196683151745,0.6750138876137003,1.1574647485598328,0.8645239160430364,-1.0164448909981485,0.6522413781959084,0.5997026393083629,1.1714005174140463,0.7762638484104256,0
4.856941892739707,6.130847694061802,7.241747605081573,6.929389987848437,3.5956269007655255,6.388467352328762,1.1555754725956113,-0.9478938437648149,-0.7340907758579174,1.0629213805081668,1.230957398333853,0.7366459225866735,-0.9691364643119594,-0.9304252443031286,1.1393380295938338,1.3804495776898176,0.7286988410568243,0
-1.8808914477643432,-1.4747455276667896,-1.378745739912221,1.1166909291908307,1.258052918296938,-1.368836275748719,0.6405441959665018,-1.208380459240761,0.27490500682196306,0.7809381244753119,1.000158312231998,0.4718429920534613,-1.1287860672586134,0.3852155163346549,1.0308254964156203,1.3677326648268426,0.6185934788151176,0
-0.3876407967423098,-1.8610715007980816,-1.7042070750214606,1.9072321876557814,1.172216224595072,-1.8497496536654183,0.7427407834816906,-1.2467711541475692,0.09080012521059685,0.4121717663075255,0.39708843777082414,0.09587907692651845,-1.1218941820188377,0.615709448917032,1.1548758942035908,1.230144874589692,0.6532721762397822,0
-1.2686963045187185,-1.7863575209358336,-1.6421117832877632,-0.263139880729342,0.8487418250582078,-1.7302398325786097,0.9700064729502522,-1.2555104744339458,-0.7064292624506737,0.9378165449180658,0.45687199469926065,1.1104708621252002,-1.1447787752281409,-0.7328180227312826,1.6506500270430007,1.0229957949204758,1.8723149928993414,0
-0.9357899286600471,-1.7442453711044306,-1.60693296034539,-0.9215162317411578,1.1641132844283142,-1.7113469077003642,0.7434917664489648,-1.2263231942449377,0.08047155193775145,1.5901851863358425,0.30065253515715007,0.35192814660508653,-1.1220741592053884,0.3756367226106456,2.5614021967616196,0.7639112099573875,0.769105817613594,0
-1.3361717721933635,-2.9071496962848222,-2.530920881979675,-0.3481652230423915,0.7936045919425617,-2.822586215571151,0.20926811469729767,-1.1563442067877208,-0.02533843771157383,0.3686846229382075,-0.07934618465117918,0.4057800581481689,-1.0150893448038631,0.6276149771594489,1.352551159677538,0.6615837750687953,1.422529223802551,0
-1.1272012784195244,-2.1129757688326496,-1.9105706903187463,0.6894017605010078,1.323769859374528,-2.061005723485348,0.19066847256576147,-0.9344697482375103,1.2002503901896497,1.0018536233674438,0.12877689558314942,0.20624118160213514,-0.9006259318428202,1.8073836161259207,1.5657551348042484,0.40094218096346373,0.46201225767723214,0
-0.3826249489584338,-1.6176178720033767,-1.5003753771564845,0.6041755114087163,0.8868710270494298,-1.6102401431565478,0.3676259025488072,-1.0031182992824295,2.1711815314628966,0.6223790643165965,0.47951058744973296,0.17395339422331202,-0.9842839088033143,2.700616970366869,0.8008979491309928,0.6516736012138024,0.2249732030700345,0
-1.9074209650251737,-2.238959352755781,-2.0120448499836225,-0.09760266590134287,0.9512619085732886,-2.111094508190311,0.3408225088567734,-1.0446456588067776,-0.10437497099341127,-0.4523885088590109,0.41381279302485674,-0.1344144280294475,-0.9154352115987977,0.423523776906188,-0.14544936382116747,1.4533950239784519,0.4157375351126679,0
2.3515195557553104,0.5248953189001239,0.47957358117040677,-1.8082086153572219,0.8754858624367411,0.6119201134350175,1.0664117468811032,-0.9899677796588005,2.703425353700643,2.067835445442584,1.2876144695106089,0.8550408838125725,-1.05927990265659,2.021187761671916,1.4552585643618312,0.7302233325373484,0.3050836457509328,0
-0.2988712817584237,-0.062491351787155605,-0.09650426746843291,-0.7775816866802424,0.8916924314383883,-0.0811132794625653,1.0945688498823947,-1.0693855771683156,0.9705578410244157,1.6695393877205071,1.0673094844829554,0.9416847155479843,-1.0701157538657136,0.7974461801188995,1.5416569359289627,0.916144498346137,0.7291651472148968,0
-0.9664050718722638,0.41467604213194026,0.3695613994385286,-0.17242870521076267,-0.09437774390949875,0.41181900181466996,1.288796063054182,-1.1959798442865144,0.5867455613523305,1.9764626875643763,1.8149528803669128,0.39302113390022697,-1.1566035274715296,0.25607413500634657,1.6169863875888943,1.4834207481660446,0.022679781077393036,0
0.07128673801024303,0.8087630175544211,0.7669810849256261,-1.315050632683836,1.14944915009411,0.7731405378626238,1.5198958338167985,-1.1971918662295467,-0.1422331236764139,0.9605706226658464,1.7579030162077824,1.092305608514022,-1.1491152697464995,-0.3813032131139313,0.7585458565656049,1.635153122042669,0.8540509474015798,0
-0.2516018246286379,0.240585222777854,0.19759984472623418,-0.5769237038231301,1.2008335078024137,0.21646074473098292,1.2415845421652207,-0.8114628352717472,0.40235505969631896,1.2249141267887074,1.255798924891988,0.8089047834793204,-0.9203491522030127,0.17348393016412247,1.0238409616969473,1.0739836319350986,0.5519052456842387,0
-0.4869484864037795,-0.40888183941693823,-0.42444879166885896,0.7933328791975015,0.02712439122127427,-0.41751963017609345,1.088888186750017,-0.9907663037671713,0.8676654829206958,1.784298039313314,1.2069854483225915,0.7722175878029102,-1.0304562626598854,0.6222294021243595,1.5643290444034619,0.9818917504916763,0.48414170216217517,0
0.3473375804418425,-0.7400295086493299,-0.7297929902573163,1.1287975271727497,0.5870446233155612,-0.7507532189880677,0.8846478765058474,-0.9787078152997164,0.3741705559085069,2.460184751104234,0.7365272430798133,0.8488377571058027,-1.0062893617153332,0.23139058134160778,2.515371550551541,0.6316296100744815,0.710735204499457,0
-0.40765137918184297,-1.053238162521641,-1.0112477406747338,0.5463766408768889,0.27048764616472426,-1.054006985146529,0.627631052943909,-1.044292080673479,0.2384764481262232,0.6154856612308982,0.32290984648586163,0.36177651847388465,-0.9669092439270408,0.6407806485125586,1.211255930739689,0.8481641329116139,0.8307032893607066,0
-0.981961315803603,0.2571943585253733,0.21391060177013746,-2.1112446704255485,0.7262164919831666,0.2578201716174453,0.9074189139892744,-0.9519512016480519,-0.030677390458848753,0.3106469008453141,0.8765891990465678,0.7937454426586068,-0.9445389277251395,0.0005527186269472543,0.4304188231483723,1.198238642306733,1.0130046383083955,0
-0.5558933018699301,-0.37115986674086526,-0.3891595341157393,0.11869632494739127,0.9044702803614952,-0.37824433612880953,1.0189900218020143,-0.9503619831892349,1.0441239994286051,0.36676630514219744,0.47146949642591685,2.405733813275937,-0.9777800662131337,1.0470137907532693,0.28550475407846726,0.4095236293403497,2.5374421262447937,0
0.7106491411706084,0.5597479771674712,0.5145448494672361,1.1685142667816857,0.8915341025273085,0.5365848863139495,0.9064876455296508,-1.0727247423240855,2.1027614040272367,2.5025166109680406,0.7111956546744735,0.5006173721451224,-1.0750773899703439,1.932905640193512,2.370422491594833,0.4896263365975492,0.2417841664554378,0
-0.2574662535849927,0.7255430158043967,0.6821153605197119,1.7924047206663094,1.0646403700150469,0.6941053202046717,1.0293608550883522,-0.713615722520416,1.004715956603332,2.251859198975658,1.335429828565525,0.5056705152954061,-0.9026973984109682,0.5673154087599014,1.7382049824948516,0.8691282861913744,0.05264588194895715,0
0.5476894699788173,-0.23063481497000862,-0.25678502351312954,2.5214308515312416,1.1919571412752887,-0.24563864914750194,0.9484303730049563,-0.6643264509016318,-0.22899896492719676,-0.05914945089449021,0.376596761563153,1.9329310438256775,-0.7408990255583355,-0.2545435048201036,-0.04713421260806828,0.5258174786967588,2.4009637432231217,0
0.2498376618902197,0.010988111200516666,-0.025814402220090942,2.5973218655811254,1.5024045204447656,-0.012084831363008284,0.9593614095389286,-0.9499987484145367,1.603550427173597,0.7443660643247209,0.9605506726648831,1.6216441121943603,-1.0046000073809904,1.389286287872709,0.5075853424912152,0.735894898497539,1.3645991436244898,0
-0.5803842333729929,1.0078936333760402,0.972096781197727,0.17344072845766145,1.4025264938467839,0.9797295833642907,1.0703957673460207,-0.8079957446712932,1.905364420123383,2.073508601062909,1.5265408497614044,1.231009656600773,-0.9811957453888086,1.1570516836753977,1.3011402303056148,0.8113315435034646,0.5203994913618836,0
0.2408188680349063,0.969450042811106,0.9322728071677868,-0.16244398809767632,0.9261735006721976,0.9318398289993416,1.2335600080771296,-0.6565504168980685,1.0414963638533397,2.212928610450549,0.8195014486660279,1.845158191436311,-0.8740423334749,0.5908743989720652,1.6849715083330963,0.3513208026784872,1.2796875405227572,0
0.804878109833307,-0.19814824951284904,-0.22597805287448586,-0.8515549154015661,0.23054531521587576,-0.2063189399536342,1.031817031889224,-0.6940645579104356,1.787163816065424,0.8022333136651081,0.6438397715440904,0.993863081003817,-0.8356957213481848,1.705619841357009,0.6584049301916762,0.48751940048068726,0.8257161753492617,0
0.8215919494224456,-0.5060497611730359,-0.5148730599755991,-0.9547732173727359,0.4141809894309522,-0.5086803155180771,1.0157334787801653,-0.8504225461904511,2.535486660997927,-0.5297854445034306,0.737035603578948,0.6046726485255965,-0.89933629298161,2.875037810908014,-0.70057751287827,0.8196709041993062,0.6097348786893841,0
0.197806673949847,1.2516603571959433,1.2271211653599767,-0.8140793144310533,0.35962654675413197,1.2095603861855204,1.3375974826196058,-1.0608393376142413,1.4315620266050044,2.407711085694203,1.521492321346827,0.8588737202434388,-1.0937440894949573,0.9087200729388467,1.8077569111108922,0.9873475997161771,0.3337859461861185,0
-0.6924964415757731,0.39932335058723223,0.35430774898299,-1.0802996703058985,0.5620847165046803,0.38469871613281714,0.9759050024112458,-0.9616038264540875,1.6606584030809726,1.410128148526415,0.8028084785299927,0.585256126984768,-0.9951954688160976,1.626211764921832,1.367086350815528,0.7109037610453829,0.4297959128121295,0
-0.23892863328840236,-0.9346713069113616,-0.9055417802284316,-1.3192709289580185,0.8037215209503568,-0.9410358599078843,0.6828805360127916,-1.0309607106850713,-0.3028522042455864,0.5407099291888312,1.0978185976864485,0.004168244840713452,-0.9919160666850039,-0.29730657840780167,0.8004213868189773,1.6017434219185733,0.09193167099074376,0
0.4582649496136964,-1.1946713293737006,-1.136000809016414,-0.9273142534718657,0.5605893460106215,-1.1966841506276964,0.8747813318946804,-0.9985837968693144,0.44066999769371024,0.3202637223910268,0.17401545102806804,1.3611095452570245,-0.9478086524810087,0.7993800897035261,0.6484526874176116,0.48711436459586094,2.056264629074156,0
-0.6829335695716543,-2.3530584092444973,-2.102949156348429,0.3753012166524481,0.018888052370634276,-2.3229112658325524,0.6775167500820631,-1.1202900108342282,0.6635341229462434,0.35920071756082,0.052942324360057816,0.9999633075795297,-1.0250361256271798,1.3140120669298014,0.8873060063556143,0.4849381791927516,1.822670985396153,0
-0.7271141498940118,-1.510030864689539,-1.4089229652456532,2.549116003067847,1.464236645618515,-1.4919339608425561,0.6894884475459904,-1.0397455290787545,0.5243558707231998,0.20123782046522795,0.8546474835860465,0.5460922453848372,-1.002539423620138,0.7337452273949965,0.32834972609884705,1.2264597907493724,0.7511387695371627,0
-0.04670753717728969,-0.5608942262520579,-0.5656076519260662,1.1974305873795834,1.0876694780801768,-0.5753531691905671,0.954482831314895,-0.709805829456071,0.5585863872091859,-0.18467347294196582,0.8468204165798502,0.6459481985766514,-0.787626916539389,0.6565834281908056,-0.24484839295519897,1.0564220803896212,0.7433158085278118,0
1.8767952634719358,-0.339945238039879,-0.3598796086762472,-0.7262731402141003,0.9473441677757698,-0.2795034137890924,0.755778920975594,-1.0124493684401399,0.43248396005925477,0.45492121937213825,0.66803558985075,0.7660511645721163,-0.9812485634937235,0.6264063691013774,0.6647715872618887,0.9885529954824416,1.0407987233872276,0
1.2696519899801486,2.8508824573008558,3.007512722865231,0.7859401999970895,0.7401640007141604,2.811905211531197,0.9719114542053362,-0.7078818283754708,1.4567441544955022,2.7476128119754764,1.416872356100621,0.7057818889595565,-0.9264561663470442,0.8102699445126041,1.9385797000835838,0.7521744274060345,0.10153475549714834,0
-3.081288149866465,1.442003275909008,1.429263097558341,-1.215481101831275,0.8167534806075736,1.6176167405596018,0.7032475209042708,-0.6006602932442535,0.235298621466061,-0.18846675239126148,1.4849199478325412,0.5899936346917717,-0.7802041796787461,0.048898415198063476,-0.4164043339515859,1.419476508287913,0.38939743095545554,0
1.0770671139549914,0.1968920128950581,0.1547875058555711,-0.535707506924922,1.313685417796588,0.19339483771217744,1.2697538310879224,-0.9628632885894822,-0.3188256006530624,0.6385368263862216,1.8580295696180746,1.6512499822123061,-1.0272943347955,-0.6295166338816149,0.28490133583008187,1.5062921311025914,1.2225114491241345,0
0.9522040245113848,-0.09443284781513134,-0.12711052165052245,0.8007948446050953,1.6028980459193096,-0.09863484845500488,1.0535756960887763,-0.72994162192332,0.22648597940682877,1.0110826096677448,0.8656797798501404,1.0337405721167485,-0.8440095961965722,0.0975085538889841,0.9653189986693678,0.820874710905188,0.951362445452093,0
1.2501501110211122,-1.118399462800552,-1.0689051195440626,1.6493859563195208,0.40367209550432653,-1.0898141575003448,0.5947269649537669,-0.9743247834047021,0.6189991756433274,0.8647741450512011,0.6439137484355342,0.6230303433147633,-0.9641955416030595,0.7834491378470342,1.1006795820050483,0.8619997516390459,0.7735282204327382,0
0.5895993300124,-0.8971687479553396,-0.8718939975824451,-0.29727607962849883,0.32145930157961927,-0.9008341718992537,0.9272097162133441,-0.8873604903557507,2.192626205069295,0.07674717613919414,0.6375776223191513,0.6096526196848356,-0.9221554801779948,2.499043009380736,0.02381315575403495,0.7118499380425937,0.6283348805098166,0
0.8182929230356812,-0.17747296865061124,-0.20633168915806208,-1.4515769204327444,0.47479668842555717,-0.18550312607693878,1.0070379897472426,-0.8882509416946917,2.7395154976162903,1.1677142444808506,0.7026524624974507,0.13633236406455176,-0.9511556045372885,2.769709337565932,1.0854538320071714,0.5827184736000229,-0.06375262548266877,0
0.6969007324557883,0.047918044017685804,0.00986197088230627,-1.2750374237353916,-0.3810635080578908,0.03239920128210326,0.8239694741429672,-0.72108621714554,1.9639251799122428,1.9796387362810837,0.8954809751789994,0.558859663920179,-0.8903238946516037,1.5902858126412358,1.6163687917053338,0.5373717976540412,0.18107300573719537,0
0.2457736474353345,0.009781941166482901,-0.026977954862997276,0.11410778473887989,-0.25915179266309935,-0.013302090780063577,0.8256446690051171,-0.7804038141275567,1.6278846442867254,0.6309195295700415,1.10446696093505,0.16597223127831376,-0.8863618754429511,1.555180316331578,0.486338413095094,1.0225466968187424,-0.041739276475702775,0
1.3414729867795403,-0.002317350085920929,-0.0386438824293725,0.21248984744256266,0.27385669505697396,0.01180531066313627,0.8274805515994708,-0.7435321419357016,1.850167793609103,-0.13853381720004931,1.195665320133233,0.08972943325415601,-0.855691201941176,1.85554293721113,-0.3256678266679898,1.1816224747497586,-0.09319788847845853,0
-0.14672349365607162,-1.5479204713969548,-1.4412265006950473,-0.09477389422024575,0.5807398513613371,-1.5463771975373783,0.5452367358193196,-1.0418208524982109,-0.02303143611346513,1.850290134729985,0.6064862279227379,-0.0027330236444276963,-1.0009140895820123,0.0574561473736311,2.4980908362590286,0.9251261571501778,0.07725554718758801,0
0.7779028392499877,-1.3248940391050839,-1.2495774953291412,-1.1127354531842966,0.22812144863819198,-1.3159362997269255,0.740904798420711,-1.046340944136537,1.83109044365362,0.8955329999360441,0.2055852643992351,0.9865850370872927,-1.013754190313276,2.300373975309217,1.1568266859619916,0.3058030930699202,1.2384722625678453,0
1.0116988370688862,-1.397695500883782,-1.31253477771461,1.0229575339557495,1.2875966233773437,-1.3774459995993251,0.5215057871624245,-1.112053236960924,1.1086410316855853,0.9408413267239961,0.3321715204591504,0.5509755412586079,-1.045777455351311,1.6039447732959775,1.4053971436653157,0.6291454711072194,0.8628946933353592,0
-0.003947317925777067,-1.1936511892303188,-1.1351061958395214,0.8923457641511725,1.9963651273121288,-1.1988347261754075,0.48099555760105206,-1.0057197480999178,0.6037799914941805,0.1020351483077031,0.695673547973477,0.145772378107274,-0.9567119168877158,0.9970467156599608,0.32581147610395195,1.209827372417974,0.3786774289814144,0
-0.06585662728079322,-1.1657375038619642,-1.110597847666645,-0.8945193735314994,0.8721523650648457,-1.1708964441414358,0.5567114515180798,-0.40557397835495324,1.8826669767791493,0.5518984052962299,0.2863490435698328,0.5739006517061913,-0.6236849898438186,1.9932125664009324,0.5003272406306368,0.1946834851354329,0.4967610392641964,0
0.3225139398181426,-1.3030576219315333,-1.2306185442997224,-0.9412137804010798,0.5792232784435941,-1.3055395155259302,0.6752836609751949,-1.074157325559781,0.6319120977731024,0.6748699819511893,0.15578964349367752,0.8046359954644487,-0.9988247693537429,1.1434088379434095,1.2285377849348533,0.5344555962543842,1.3927101917634204,0
1.0984875138836623,-1.2749453957468626,-1.2061596447775365,-0.6673434150392953,0.8312077122538091,-1.252312762096822,0.8756626849636431,-1.3371013571089985,0.260901735490449,0.6202137130396386,0.15801498923614207,1.6672566599229743,-1.211987843930398,0.6584759320699537,1.1993699511684206,0.5802915877321012,2.6815952283515263,0
-0.8406307776529314,-1.5525807567111192,-1.4451924993619145,0.9462824266031783,0.40169089041490685,-1.5282435480108447,0.7336288906026375,-1.1938710730602233,-0.11031927930365888,0.4697271267201629,0.15723652168590146,0.5282172846385723,-1.0696177778144744,0.33206938082275633,1.3006849334381239,0.8796902285527849,1.3911487389963024,0
-1.3987173061230378,4.991773954043077,5.682481432937879,-4.553519704638151,4.300823797823924,4.93282119512272,0.7830871448717649,-0.13469662107070318,0.6143042002588813,0.6002021522917605,0.22058979874158152,0.434747696612223,-0.41666231148008726,0.6495436672600133,0.6376147336079777,0.19143966439798993,0.4183055796364848,0
-5.4867893443881215,5.598520854239842,6.501290844947654,-4.831778634297892,2.038997101068322,6.017978101331384,0.378699114457724,-0.7457411389941966,1.015017258778676,0.3247236208728628,0.3111433479452103,0.45286204314642875,-0.7752472637619346,1.4245717577364942,0.5375043508340358,0.5544423954107021,0.688669395261518,0
2.445777084977018,-2.092971596591558,-1.8943518899881822,-0.1573280538605659,0.1686382849321619,-1.926644928190824,0.48092647151541057,-1.2467236048851396,0.21804052016591527,0.14243195316658316,0.2612135915371538,0.4368054160010085,-1.118759841106012,0.8618031860408356,0.766404707062859,1.0576884471577028,1.2456085874594434,0
1.0067575927680887,-2.5875862472197397,-2.286823739402737,-0.8447586016341737,-0.21736448172521664,-2.547156306200525,0.5768588356939999,-1.3098719925541429,-0.08822087201345519,-0.31198817892109787,0.4958597521810092,0.27545965715954673,-1.1735166887261068,0.4409876801484053,0.08565893440158821,1.5822129802976632,1.0883277377571918,0
1.1733671222101234,-3.189149821344287,-2.74014875403903,-0.4930649605944234,0.20679171918129716,-3.1276043199912342,0.23837378278235602,-1.349033393804917,0.042024427694386794,-0.07219116577332563,0.08250011136275504,0.19682632032559938,-1.2023522222126297,0.9276445220450076,0.7515601053853416,1.1835639732252572,1.2819629600349873,0
0.7862402178590583,-3.129565026209053,-2.696422794282338,0.6369543036110498,0.3765328333388649,-3.0908342009619143,0.2180997866100867,-1.0852707107705957,0.29913327054970973,-0.2868543114158011,0.009291293238645432,0.4533251750009605,-0.9487053087150106,1.150968364009357,0.17020449602519538,0.7848752948463764,1.4580233608847322,0
1.0853649364202476,-1.0179234376334285,-0.9798706360123204,0.5511191210783157,0.5075272747242005,-1.0004136509721662,0.7401611925456401,-1.0008429478088994,1.8156971082910696,0.2140900958750346,0.8518629658497966,0.2660552324386559,-0.9936116504503959,2.124021983236546,0.21961543442474496,1.0274283851111725,0.26355943851831426,0
1.382572716439389,-0.6258387764690153,-0.6254022005211938,-0.3371323535718726,0.6581238529932026,-0.597824757707822,0.7808486614333023,-1.1190228365104313,1.432034075899639,-0.09959129375265562,1.2534279075228119,0.16978658448331854,-1.0763304503728675,1.6449538287817078,-0.16963514971382088,1.507088457373833,0.1361134917922275,0
1.1494847367505323,-1.7583202499321047,-1.6187049252573802,-0.4683296858574063,0.6246728328675838,-1.7243462006101877,0.5956830838870943,-1.1733927572194545,0.4079389011548614,0.6039476671078462,0.9977551632257916,0.40922135589275777,-1.1030434184287659,0.5570374809870935,0.8133317221795017,1.373526021318564,0.5469669089962564,0
2.8101077412142343,-1.2351758343419432,-1.171460045533186,0.6239261248745103,0.613390931601903,-1.0441108743373855,0.7134194030021708,-1.0682056138677403,0.24721718966678466,-0.10986416567886274,0.326850439478991,1.116254018075672,-0.9880020225515233,0.6451144016411801,0.1403091393142891,0.8439406812203932,1.9036125265787325,0
3.451953066810242,2.8872802130933284,3.050201448389247,0.9472961459916596,0.44453901571024207,3.04366704428933,1.2404714129163252,-0.9738842383966495,-0.050907002830086874,0.4610825431321598,1.7848928921738338,1.0597626493877663,-1.0204762285446447,-0.3094617259552576,0.20133599534524166,1.6021391611556581,0.7756890289996102,0
-2.4121357353135493,-0.6930794817196164,-0.6869871989973314,-0.2708491176419043,1.0745698029096908,-0.5448072906734779,0.8596360346495241,-1.0813579119303849,0.33227398999701585,1.2381186569923037,0.6062327427814467,0.876564903321359,-1.0400133791284065,0.43352685569846,1.572636470460025,0.8172531231035005,1.089165778912002,0
-1.1964437684432707,-0.7729223076841462,-0.7596867493403618,-1.2511167967848558,0.7963271675615573,-0.741304361231175,0.7029410571689266,-1.015173641741921,0.8692179655459766,1.401642778148366,0.4574476425533506,0.20148750502593182,-0.9846353431295078,1.1700784124092487,1.8731118010746928,0.693503534935454,0.31471774302905786,0
-0.6390919742137783,-0.6735888268411167,-0.6691698158782401,-1.4229802385802905,0.4831925013738628,-0.6728800403054364,0.9376548976107963,-0.8153658921705659,1.5645762613828045,1.2656555289871871,0.698280874879995,0.09916814608376348,-0.8876319782883376,1.6519708127416843,1.328319393506923,0.6954725749597849,-0.02597058401281095,0
-0.7899643040237601,-0.9923992397942256,-0.9571358663982155,0.6696668770134407,-0.061442475159646175,-0.9800557182344387,0.9196922907822507,-0.9136162191080678,1.4313269858895008,0.8634226221517093,0.3817733234081205,0.8661369655809461,-0.9298719106467646,1.7020418846398222,1.0319781410337316,0.46243072992186673,1.0036434505228606,0
-1.7273833749814866,-0.7150029389323193,-0.706995470050333,1.038660498481196,0.21198916878749674,-0.6419393365056943,0.7850512120686725,-1.1166202748307072,0.43148305822678207,1.1666118582564649,0.488361419124492,0.8270506476449527,-1.0567572629391886,0.6366616080371799,1.6022823136984867,0.7607473725018328,1.1332142119421826,0
-1.1340514670714106,-0.20595841497038456,-0.23339144056012973,0.6587012331480675,0.26635839478437456,-0.1886634543862152,0.7849204820893952,-0.8698010608628687,0.97360563467685,0.8220906101496089,0.5531068060899758,0.4663757277273086,-0.8933690945721093,1.1948415111704915,1.0228544250448313,0.720075251542745,0.5603004829987572,0
-0.5836196098560986,-0.7364372838619803,-0.7265235187948487,0.21215469333136416,0.21867610028842382,-0.7367459656934019,0.42262608008883407,-1.1114529472686254,1.6576139075976992,0.9460164371256302,0.9223774792318985,0.11925949176054665,-1.0743923175464127,1.858893985058868,1.04239156080079,1.0497539914320562,0.04955530726963247,0
0.16739539662085054,-0.7647188514276168,-0.7522386274137624,1.5890817064513008,0.7463223008363755,-0.7765348802450308,0.6283975467936748,-0.9106596499497018,0.5147899752697219,0.40274717004284033,-0.17706627708376302,0.1071674915991638,-0.7989100143629206,1.3811799102432758,1.2326872992649796,0.3433117415842253,0.7510334655911953,0
-2.4685568876564763,1.0345103889899876,0.9997323090056542,-2.7501688535581197,1.7946302752828052,1.1438536798230272,0.7574682941686024,-1.1367108459806248,0.3090604424917566,0.039303671870027306,1.2943880156251992,0.15160366393754818,-1.0775017598920928,0.4238412928985227,0.08762429559866404,1.74812906804916,0.21641539001164264,0
0.95443047418076,-0.6541297449623636,-0.6513536988565152,-0.2219837087212551,0.5704836799773145,-0.6490097647626009,0.7247264736301952,-1.019222238606994,1.5964542759309597,1.2360065936411013,0.9260680001634679,0.4152265761183268,-1.0275980637041053,1.6015161900097605,1.2162186742663574,0.8910294887105847,0.2746867934950206,0
0.8407617168211171,-0.707476199435251,-0.7001301957973202,-0.7643936193632124,0.9319556201262431,-0.706138488536181,0.614432787057964,-1.0187987982894384,0.44636982559546895,0.899251212234739,0.7290626992541775,0.28995288156576643,-0.988172548220438,0.6275223347458719,1.2178144499442545,1.0484760322122928,0.4201630600679658,0
0.5967219196223127,-1.475306650924974,-1.379226341126812,-2.106014549718219,0.9762469675640785,-1.4697606455157628,0.48491588582422185,-0.7792178016262983,0.5465446699154057,0.6237284274306806,0.5665171265976229,-0.006149773293243664,-0.8029326836193437,0.8039251008983038,0.9180347425445612,0.889775425634184,0.08515948979447437,0
0.48406850746527114,-1.4867001749335056,-1.3889799177649254,-0.9316691924235821,1.1287392541345402,-1.4837013441186753,0.5422476778415809,-1.0485929908393747,-0.33852081773962317,0.4049692900023352,1.0252001114281464,0.35411270625019947,-1.0038906764829842,-0.3382250865897764,0.6323006866325659,1.516850227858846,0.5499343129662816,0
0.8382280014643126,-0.6281524498889506,-0.6275267372988634,1.0266533502185506,0.7464908594323071,-0.6281945266151044,0.722878747532982,-1.026526171018295,0.9141113498076059,2.555960559016363,1.1598090132359318,-0.04308692194958719,-1.0467343838318817,0.7141857590826316,2.4398711055257536,0.9878148706569571,-0.3126573999508321,0
-0.9510922016244959,-0.5623959160307813,-0.5669937289149147,0.462583160062971,0.8342797821595234,-0.5492905301825541,0.832034172646871,-1.1135184927946389,0.8612275599955693,1.2616300958977527,0.5791373833609517,0.47977259058374183,-1.0605157715626528,1.114824752086672,1.6375371567939525,0.8110477233998101,0.6267570182721173,0
2.4351790279590704,-1.2124707581267142,-1.1515978437088794,-1.3389529171390957,1.1533157935660914,-1.072166221447445,0.6238701667614731,-1.163288944629265,0.062284229120530256,1.3649283586851026,0.5441798705969023,0.8960810297019542,-1.091199476792027,0.16490841865068734,1.8620051803227737,0.8376676652230524,1.2228836985622686,0
2.593707788887234,1.9836158308369007,2.0188836228121727,2.036931763728764,1.6973819858179706,2.061579326711088,0.5499948632280479,-0.48448816447541043,-0.21751626845498773,0.6700504817096076,0.4101450928971217,-0.21519284359134494,-0.5608611529066649,-0.1391901665552789,1.061185427116087,0.7569045171172158,-0.1354481919151284,0
-0.28296727761232515,-0.10318018706625157,-0.13547923906994788,-1.2365210257059742,-0.04664012921324467,-0.12148230739734012,1.1720047319946405,-0.5350243236919283,0.8107265048956426,1.314621971591359,0.9336352588191517,1.4020301353707363,-0.7850192563601855,0.4750612194421096,0.965847406628755,0.5809930869339142,1.001612234589729,0
0.2031940167286603,-0.38769564503638543,-0.404641664712726,-1.3929918219554642,0.02130973042068204,-0.4050417656020913,1.1739981959646906,-1.2760775189932667,0.2905879620441216,0.5704277855384022,1.204609756793051,0.7748816436267113,-1.181775680942746,0.3291644262874013,0.6715211870596689,1.5019930325936648,0.8909902133213923,0
-0.1353904433907817,0.27730599518302423,0.23368782781749986,-1.6438283033453378,1.3779655128748618,0.25099268568076766,1.227756261701318,-1.0501289381801049,2.054613375322341,0.8769799910178849,1.7458878152514694,1.0568014731790565,-1.0870376127576633,1.4919985101100537,0.40471051539013075,1.21967127292928,0.5254232876698822,0
-0.41525576197806235,-0.3433065392313073,-0.3630359830667131,0.0764366725391057,1.935559048524243,-0.35495224112638213,0.7109132389903025,-0.7593280166992485,2.8339264602053293,1.3840862177568587,0.8906965065320626,0.12999838884337572,-0.9013340411752322,2.5461593595475556,1.1042751058431532,0.5999630401494355,-0.1920076799107643,0
0.4631012931033305,-0.3506127882414204,-0.3698939577619741,2.010064859713715,0.8265039872529533,-0.36548067744478585,0.8384543539420097,-1.1199147591175045,0.28300716695796735,0.5180177159433073,0.9416577957881993,0.05414229071387454,-1.0543048219682483,0.49000177324922833,0.8109330970052182,1.4439290542013772,0.1872945393004746,0
0.6609972920678998,0.7808188093033472,0.7384280232993852,0.6136015510173404,0.6557874466910423,0.7528483317859765,1.0536631059798827,-0.33679662524817083,1.4251901108834943,1.854126662088861,1.5251405011709256,0.5569629793362808,-0.7505138272216031,0.7409352581560851,1.1031309081371619,0.8021820721513999,-0.05728765916511518,0
0.09199662182740616,0.19802123928070442,0.1558922165852541,0.30856438253743557,0.4205965829723983,0.17158327585494132,0.862791037930998,-0.5343465829673657,0.08560159926207832,1.6805429455466818,0.8535922990805432,0.9554791445735896,-0.7552065145208668,-0.15136246346303028,1.5018293082884597,0.6387967325177342,0.7037826808901002,0
-0.5846977130550233,0.18307936865571553,0.14128225058667504,0.21314448134703093,0.2886805631434939,0.16812721538267716,1.1933142912275434,-0.987045083169333,0.4485242995486237,1.3119831412811838,1.6751976323029898,0.6429402183599379,-1.0349644453818196,0.15113993744110044,1.0068102919809088,1.3961009203921049,0.29931940957272435,0
0.362148729965017,0.8580421947016674,0.8174725253403542,-0.013904417984525212,0.570380678926138,0.8232347068278364,1.2831086667295033,-0.8407946939310668,1.396814472659775,1.4972868369205592,1.9063820774801414,1.1344437327520265,-0.9962833879463406,0.7320811676927638,0.8114398221223621,1.1646521845746207,0.44644265258714977,0
-2.2901417147559506,2.093902177957556,2.1415633791047157,-2.0108453030654365,1.0986175506281866,2.1586620083317705,0.7382389635268013,-0.6798504548926694,1.5803352309551493,0.004151661333363268,-0.10060157409056837,1.5867507636045168,-0.7408823615362713,2.0580342370529876,0.0674271949924677,-0.060456055972305536,2.0511425309884146,0
1.459613229153045,-0.2872998159906363,-0.3103364383944856,0.34243423655168265,0.7198011849450516,-0.2604252317795169,1.281377033963472,-0.9854244965038595,0.4197660154804434,0.539713940683882,1.1510497739256798,1.8161360422405384,-1.0170978996188482,0.23632806054373154,0.3581771506803096,1.0329538909276588,1.6692287656521414,0
0.5634103412143856,-0.7941652594840788,-0.7789509777957173,-0.7261528499461595,0.8030836765232857,-0.8000818326115194,1.0880628871168718,-1.105268931340867,0.3277363740943546,0.6787673219673337,0.9394227524540661,0.7530263292868167,-1.060709470651751,0.39616184502901924,0.8318793061679819,1.201255392684844,0.8948265792504436,0
1.4913974579364397,-0.7772988675170065,-0.7636583321902076,-1.0225316268880367,0.8517164818081879,-0.7389832506577232,0.9269747485844736,-1.0201664588312889,2.085580855357486,0.7844606363774249,1.0484462345703829,0.3960171508688737,-1.033058148280857,2.0685842856109122,0.6682629323865773,0.9778609947346829,0.21628319034955654,0
1.0754043479469768,-0.3996867533685623,-0.4158562535377992,-0.8686605821025233,0.3364714998609063,-0.39321365078792886,1.1122974530990328,-0.6523200666032132,1.5506632675532652,0.1554386745884386,1.194453230779627,0.5420785536519356,-0.8225263280484695,1.37474138994065,-0.08246212559351794,1.0273777773193882,0.29224187028600923,0
1.4205287300844691,-0.4893578282077117,-0.49938849148805453,-0.21290419180298897,0.05360904305274802,-0.46135536662176463,1.1053351848003636,-0.9370255722702187,0.5366169315268429,1.3442471322432326,0.7118902271210827,1.5667586175803148,-0.9773152392743205,0.4258567279362828,1.318723919124789,0.6273515681569067,1.5149182753498838,0
1.2929194359899387,-1.5373688184825556,-1.4322409827453841,0.29991205367205964,0.01966622648822138,-1.4984589860177477,0.8293397702394663,-1.0857288178121922,0.5251309640018725,1.5739817226647308,0.3274322750904644,0.7316691783417529,-1.0338098154858193,0.7572973383630289,2.1331488125437366,0.5439404056786423,1.0123630573310984,0
-0.1448358644736809,-0.838329669377998,-0.8188964149060631,0.2948409826244584,0.6733663158659806,-0.8475975375438711,0.7963109722968569,-0.8678552058003984,0.5983871493644145,0.7117234366001112,0.5801679973620598,0.47978151775943717,-0.8825914202847694,0.7919860199010654,0.9466108374699314,0.8179816989917783,0.6316369324524957,0
-0.1427034865027027,1.0321455828680473,0.9972749003428821,-0.0032571418851964702,0.6214914532034461,0.9944686572847614,1.2441293898171175,-0.8868149453167066,0.2922554785830654,0.8729897668387975,1.3861285925191564,0.5658245264664656,-0.954037892307886,0.11664343928194704,0.7361775672572176,1.3230492120694344,0.3731121917508301,0
1.2385139049803096,0.8195901588976771,0.7780594143938796,-0.7362143533629242,0.08672622912696898,0.8135261751368208,1.523987164391841,-0.8482294000597383,0.30419696474840124,0.16421729378737485,2.164527849199049,1.0558280406674827,-0.9749065718314781,-0.08337107146633159,-0.23291245310051573,1.6856054891663865,0.5640697459100544,0
0.3051340670748647,0.07072282503616664,0.031942259732819694,0.18040418145570233,0.5416714981318819,0.04722402512573122,1.2865635684770111,-0.8141317383063278,0.6051447185944467,-0.278807205755982,1.5035799142555741,1.2219382993314867,-0.9183872075887378,0.4010525135393751,-0.5360573427356735,1.3745892458481588,1.0017173929530896,0
-0.03528344147459788,-0.33604534028789973,-0.3562164430114271,0.3592306747375208,0.6861185042158328,-0.35398193990651344,1.3216666858753945,-1.1599329137373096,1.4550185045795758,0.10024126545390176,0.9992238177398906,1.105413858668988,-1.1087275370452618,1.592132650443784,0.027423062877931313,1.1143774914090003,1.1634979223609938,0
-0.01112930516386564,-0.3858073394775428,-0.40287468767359225,0.2147232906298868,1.3309854636773724,-0.40314163211097404,1.2086659097629753,-1.1760071141389845,0.27309689024642125,0.5236301999657623,1.3296136357404051,1.3945595396263726,-1.1269541211221548,0.15047975285530976,0.424089041111308,1.3621000713553206,1.3494111147879522,0
0.7786292248088931,0.19533047450944044,0.15326002166388003,-0.11108325745602515,1.2516325348923043,0.17999940961596977,1.3194256878794595,-0.9860457443911468,0.65781404983198,0.26189533899109263,1.525913912287255,1.7212876547652107,-1.0322662125216953,0.37426036551135383,-0.03361051856281966,1.26672740884208,1.3877988436437958,0
0.5367265565374617,0.3333153547254305,0.28892111469614956,0.10735492248441152,0.6312584093209156,0.3093773954685291,1.3571577378170916,-0.7494750775247927,-0.1493302427964533,2.091717528509786,1.1032456678765628,1.7980504046995422,-0.9114586895710998,-0.47541746336782015,1.6805061593324546,0.7141166187611393,1.3370088398897793,0
-0.6422481426312342,-0.2897052678795832,-0.31260454372112556,0.5956234647466978,0.9320435906611696,-0.295078995699342,1.0439631801826137,-1.009836980636835,1.2909577481032206,2.3546200781004782,0.5059976358756706,1.2824964721474579,-1.0314593179248714,1.1609073732528503,2.310522743926612,0.3189872073357227,1.1140330520751138,0
0.7161303155835027,-0.0971468871249912,-0.12970768206803693,-0.0300178979481618,1.2796700127741396,-0.10981184819659409,1.0985033181394732,-1.0608133160583522,0.9206539147911006,0.6556363797532869,0.575848638013407,1.0305574948644696,-1.0262162955169414,1.1502679238911524,0.8349041939352823,0.768958715464931,1.2686361646833968,0
-0.8407226217907239,0.4173036459126224,0.3721737726080443,-0.006241030103547301,0.5387629323361173,0.40845128415221443,1.2457900901025185,-1.1298112682760855,0.9207623679824376,0.9330847003472582,1.0086288642613022,1.0134360993768814,-1.094046469193044,0.9080583089638268,0.9288198377952378,1.0439172792663671,0.9821964389312553,0
1.5886899820590559,1.5308028250389116,1.5244697002065855,0.7350751219770411,0.22359388519087497,1.5326497002676998,1.5223521954998132,-0.886137556155083,1.3759209853366121,1.8445839117647962,1.4318037158437902,1.0574088076661525,-0.9997599433447723,0.8760108207794977,1.3092119897032353,0.921766234904539,0.530369480225683,0
-0.8488697088611312,0.49440886856199473,0.44905590770138654,-0.15916418124202786,0.6453083205956963,0.48463885747584207,1.3646584124608916,-0.9777513058712333,0.5254769940591979,0.7632403374186665,1.2057816606352771,1.5220233771088998,-1.0154178462162695,0.3268361423359726,0.5729803833641539,1.061244576208214,1.326117169417288,0
-0.49726798590372895,0.5480847737266319,0.5028321063253125,-0.050233110066819624,0.7556906125803133,0.524714048543745,1.3552762478224643,-1.018880188252061,1.7837154484866593,0.7905790085699907,1.67355503087776,1.4649229697260302,-1.0706566059378386,1.2423562782810447,0.32314020659056925,1.1477807175990085,0.8957489900677736,0
0.07133542668830418,-0.9288286885021195,-0.9003064422367328,0.30670529545423264,0.32437639912219984,-0.9382692607255528,0.9504310171604707,-0.8671166322759913,0.7365711516738116,0.5828365662849738,0.8588345061458921,1.0318079967493294,-0.9205828452182165,0.7231802029840066,0.5510818798427625,0.8927044702987085,1.0284042169620093,0
-0.36224820419492143,-1.07632764216963,-1.0317136245778158,-0.39381276472784393,0.41380863727730927,-1.0779032002148914,0.9910490474316875,-1.1518338104102528,0.45123158767095994,1.385977396858506,0.9294995844805632,1.2328724788585235,-1.1083177310848866,0.3821945579468978,1.4435248726999497,0.9501198650514885,1.2268532071945013,0
-0.9273040549055441,-0.49608361161563735,-0.5056302246792881,0.030392182698966756,0.5694990964087726,-0.4853725693478866,1.0833230606671367,-0.9841795557342468,0.07271503867328746,0.7130388679543435,1.7261440012616502,0.449970041379913,-1.0181813981455439,-0.1395609210508113,0.528854553260626,1.6492306417343159,0.21939804785969774,0
-0.13910392523514264,-0.06435015580712203,-0.09828740438754964,0.7180324529337215,0.9148995357869373,-0.08543854263876165,1.1966636452945019,-0.9672935473277824,0.6593152245146892,0.18538700751982973,1.1435746765488763,1.1094943066549627,-0.989403339825008,0.6111921449039154,0.07536870226760377,1.1976112128499894,1.08405355496978,0
-1.3808186297070717,-0.4762621289475694,-0.4872258298452009,0.5409059120807191,1.287257386531362,-0.43722167462185474,1.113639500553459,-1.1140931005144747,-0.06907857017797442,0.19102263557700502,0.8279694030849598,0.5707528915950179,-1.042767608379458,0.07775646315501632,0.437837680947598,1.3828052171567145,0.9390881248413655,0
-0.09118094283261266,-0.22847543115579386,-0.25473966690249006,-0.10620395483690442,1.0971031489735452,-0.24758440491365794,1.0911641262814074,-0.6632579471520583,0.42221952289278863,-0.06667535306682486,1.0719538124211478,1.1919921652519267,-0.8038861581537657,0.30383346222174773,-0.24257928668350376,1.046615757745033,1.1115627848630492,0
2.293727664355186,0.4566630560588225,0.4113652115196818,1.005168074921044,1.0686551840892933,0.539297015371769,0.9708361372068238,-0.8148250512643475,-0.4005474287904489,1.2401840396504236,1.2033354178672888,0.19295190557422973,-0.8858918083028647,-0.5606466056547311,1.3094093217307639,1.3080297612420029,0.08574547025645068,0
-0.12110431259469354,-0.5384743722785622,-0.5448943405658864,-0.9010899698600972,0.7713325980904002,-0.5525774971675831,0.8480578178237012,-0.8925920152686208,1.2498394905855243,0.05840482948513801,0.5750176352731444,0.35756421088133317,-0.8905889721416453,1.6871285797044309,0.16292313403572156,0.880242219406641,0.5359718615250796,0
-0.9496729992644648,-0.7020924259280915,-0.6952170285200316,-0.3334085262968227,0.8260285399921345,-0.6866465579159474,0.7112094817316652,-1.0469660329298922,1.0449418284867678,0.8803728990276818,0.9534068581944611,0.7659535791156336,-1.0381905915387262,1.070786076780528,0.8917085660083324,1.0045856368902428,0.7280600695836834,0
0.22369564719810991,-0.2570881383005266,-0.2818139085302096,1.1954893442602985,1.2936829693495546,-0.27628887194357327,1.0202935311106944,-1.1839440597861741,1.393999532857819,0.8032617204341993,1.13286625171939,1.2407282358189413,-1.1362452216456365,1.3008095365521413,0.6703093665521684,1.05044208042736,1.1005998214750286,0
0.122395301258456,0.7357292281195674,0.692475923913002,0.160565298022559,1.3328824129949344,0.7012002726517811,1.1379575796361143,-0.8873824788313164,1.986203190469362,0.7023435348087748,1.898194368640204,1.0984245491030131,-1.0122272604541867,1.3111143717020024,0.16780557655381534,1.2383478253083584,0.4728664508095475,0
-0.9357534911248798,0.3359121334523772,0.2914874533231247,-1.784074346754864,1.1722759115434311,0.33286847929581875,1.0020700122691395,-0.8619958628542851,1.3604250707218002,1.3006797473891012,0.6205352628865306,0.497919451167826,-0.916275920733771,1.436045103055115,1.3828703738804828,0.61478971305644,0.43256328754785733,0
-0.26641713969623276,0.3384509462500397,0.29399698024154697,-0.7207054049810446,0.7957597297575215,0.31308335068952076,1.2958746096445632,-0.5989809475911221,0.4343545125464699,0.6681640949729942,0.8986576602658481,1.0657106185785006,-0.7728096199301515,0.2827358892995614,0.5323659836886236,0.7968031702005617,0.9247168782262147,0
-0.21081618590674878,0.005612805122437902,-0.030998967595196558,-0.45889355992773556,0.4136722995885499,-0.015576883758089527,1.1976297512999843,-0.9941005641493126,0.5723743157553531,0.5377153217847745,0.910038083401684,1.1958606650383525,-0.9990892945532781,0.5709300925241594,0.5333135826930696,0.9987770500918466,1.259803391878936,0
-0.7011439027602957,-0.11940008117565581,-0.15098232262195066,-1.055328063468336,0.362988920323169,-0.1252843795204074,1.1104857200532903,-1.0250366461653397,0.7720966349266488,1.0981853034811433,0.9388454419179826,0.6465112813360596,-1.0218026643100315,0.7808670320462978,1.1635889287130234,1.0098279723515728,0.6118279099213302,0
2.7992551351211716,0.6052815298061455,0.5603666329262532,0.924894788084553,0.9004684447875089,0.7415618060649461,0.786709705584402,-0.9390425864995192,1.0067168580292636,0.4942602767734398,0.37593225784303297,0.18971149174744834,-0.9052633088598168,1.5365146554982159,0.8602174882792569,0.7473645652986535,0.4336946831454433,0
-1.2405140373039496,-0.11710298676761974,-0.14878790885918414,0.534275327598105,0.516763218623191,-0.09468093685351059,0.9865672502832494,-1.0499395316620013,2.2073335725569763,0.21234976245020604,1.1662851713806084,0.4326680362040736,-1.0490081529608877,2.2413710007340613,0.06117716506035037,1.145040261770896,0.2775726783225094,0
-0.29911596883219405,0.39535429736948446,0.35036709262924226,-1.0375411044621305,1.726932794997807,0.3697081824877467,1.3352777972192553,-0.9551677630990698,1.7166871754965565,0.48578841038353526,1.4977677108399898,1.6360401115689227,-1.0299491233966567,1.2587777070363069,0.08798600997468262,1.05906601745549,1.130252517604436,0
0.4722097109676251,0.7477746101017115,0.7047372294861284,-1.6083687539422185,1.42638057483773,0.7162529688622835,1.3972190047960609,-1.0876880533448885,0.921246113303581,1.6506057506039675,1.2733213434353259,1.5032973663699187,-1.094414852431805,0.5964292682903146,1.316642596993042,0.9479593077084999,1.118074813914387,0
-0.5599048303484753,0.1261875877092279,0.08580300985195062,-0.09681438570884171,0.3261894354982118,0.1113363192518383,1.1564044064655872,-0.8761435581651073,1.841614489778127,1.013061988465078,1.7444298163558678,0.8186605076611627,-0.9984412484185664,1.2636181135988593,0.5055530065338096,1.181881189691927,0.2844386681524268,0
-0.9714353877428975,0.0563912812386579,0.018061597723185118,-0.5485830961827477,0.1856283575424354,0.059914884877742165,1.1567486337129478,-0.9660490750181867,0.2785560376657061,-0.0031353245746036516,1.2472551116330512,1.173183489617079,-0.986138770622232,0.20019175803167286,-0.1260851385602561,1.3464947836824444,1.178861741417535,0
-0.12031971351346699,-0.19127584418101887,-0.21945111056279706,0.03892999334767296,0.3918492126903611,-0.21065157513350094,1.1731648804448476,-0.7971413174395147,1.5625018169969884,-0.009402295647386661,0.5740838794043303,1.5446523858205066,-0.8752881701705514,1.6532444204112653,-0.1302562469876188,0.5502965755193087,1.6026599283922458,0
-0.7217806038094009,-0.5761090498342639,-0.5796435128432316,0.6556950615946631,0.7053646310508431,-0.5736917754899581,1.0927376958790915,-0.9875438615195253,0.6825772365331334,0.07240249320882786,1.3587052699336895,1.263251135647622,-1.014277808986171,0.5455168558333477,-0.1192513977138128,1.3126840049916175,1.1312065349088056,0
-1.3210256985343878,-0.279712364287236,-0.30317945457242895,-0.5211570697959613,0.28688261535365445,-0.24877220158786045,0.778038914956936,-1.0438293729458523,1.0457852564595909,1.3696638695865766,1.064433865529635,0.6536309585904072,-1.0474835484219702,0.9519350534595673,1.3122321429329078,0.9998047613853621,0.49576225926321066,0
0.44034343260154385,-0.7326828104933113,-0.7231053721152031,-0.07696438363546393,0.2625965298411301,-0.7421066243487413,1.223770786480406,-1.1866925387255094,-0.005398025546925197,0.06551372947850478,0.8234408011213549,1.9129645121643704,-1.1151926161401642,0.016459120807268322,0.10325246133941568,1.0990132161166235,2.3617396280674647,0
-0.13762613744372554,-1.2837334424319777,-1.2138118234063644,-1.4928374158099145,-0.00015853072763875008,-1.2863264462999675,0.7579532980503566,-1.1645313164103854,0.8882091400734147,0.45936943433245053,0.39549884105776917,0.19848700634012986,-1.0684684633444692,1.5633340432843024,0.9687098344378746,0.9443289375749513,0.5836323636068521,0
0.6546839556902734,-1.520485973503832,-1.4178471191698108,-1.2433861730091276,-0.07979578616324325,-1.5125549129884657,0.3932832951564442,-0.9175699692847955,1.2365520298939667,0.5006459107704091,0.27244794372610676,0.20800220882865425,-0.8876511326378685,1.8542850866472698,0.8742635915950823,0.6048857562868156,0.46292166674160073,0
0.014035004266200286,-0.9748734190057392,-0.9414978949629953,-0.4900885677834661,0.07813670797633149,-0.9834479765092817,0.6282804726510786,-0.6934496702575432,1.29457468662057,0.11046779121104777,0.5636467790156054,0.4489455378568812,-0.7725359564872385,1.5646241453661165,0.12858846654642347,0.7154907817504836,0.5233713786693863,0
0.6220606110753044,-0.3110513178387294,-0.3327133162163157,-0.1859555704236806,1.1173066588104918,-0.3230118921358467,1.017242972705583,-1.1782717440177972,0.6571082750807341,0.616603399324659,1.564847099647953,1.2661492048720115,-1.137738298890488,0.4455487499789638,0.3986863326062573,1.4261973180761802,1.0344815489630508,0
0.15288672238329987,0.056055066050362874,0.017736139691160377,0.2994474881442887,0.9815667086754591,0.03182305369204818,1.1702824648315557,-0.7451511545229151,0.2991088602570544,0.52071907100702,1.0785467053598219,0.938268901269277,-0.8551441479834759,0.1712526988728522,0.41157822142920303,1.0575190806968178,0.8380714141771554,0
-0.06905831724923721,1.1990928054531254,1.1717599775729144,0.8155074720112129,1.0630137504141375,1.1582080470940395,1.424025660418594,-0.8066491441133845,2.278425791597631,2.3269594591374587,1.63603272441007,2.506645737500782,-1.0122385767587687,1.159279620850012,1.1914746291112073,0.6196859990778709,1.2583525587570963,0
-0.7851477683994085,2.2430548076591355,2.3088859452094788,1.1349030815350425,1.255224328745899,2.2021214587919484,1.8357933678599,-0.7795147442904345,1.1236717518697663,2.2709916767378737,1.3665651863742103,1.1389765422722056,-0.9511622228535469,0.5938946010959041,1.6287330951372252,0.7954007665481515,0.5511116077825059,0
-1.1491407582252373,1.9291936963998286,1.958672185141989,-0.6809944182087827,1.3543013211203165,1.9098270536829964,1.2619164658923594,-0.8015945587731452,1.252898605488752,1.3971510172221155,0.8343912081667262,1.59980630463887,-0.9258849497793213,0.9679881863884733,1.1161553405948672,0.539469306061458,1.2678424550353997,0
2.054566734233374,1.0583300110227967,1.0245073837879175,1.9971984753857057,1.1140811578572516,1.104934245994532,0.7047447498925131,-0.9309348572625709,1.2102719626921183,0.5638516760207923,0.440300668565047,1.1409654610153916,-0.9403751193534793,1.4498010537464767,0.6767606777211033,0.5474308649453066,1.3463400878340512,0
-0.5906526515288056,-1.797369666001331,-1.6512895928422304,1.2961569821666967,0.015012605013267939,-1.7803051139229524,0.38064720457848505,-1.0422866049383321,1.1901833273864113,0.9117808900734069,-0.21069409310096224,0.8601071915238194,-0.9665939395512763,2.0005432687819558,1.6320081921218261,0.025907728882963058,1.5344583760123445,0
-0.4119672462154666,-0.4491886919330475,-0.46204171435405844,1.7387089805179723,0.9466841456444137,-0.4592693645321823,1.0163042868293173,-0.7397337998268956,0.21785908234852724,1.604750716432625,0.5574555849307266,1.5601819288517422,-0.8562623707329575,0.0651116222969381,1.5817372162527545,0.4310197852198519,1.4822810112316414,0
-0.13861831114098022,0.43904465320305514,0.3938080507243455,1.5962396903899252,0.2945741841081415,0.41031496744054136,1.1224332705643292,-0.4928377480840353,1.3564754663409744,2.7625886160037676,0.9361955057261562,1.0777397861591054,-0.8078611772371355,0.7773471636882718,2.036430128524584,0.3645406823941206,0.47301105612062544,0
-0.039036519512982475,-0.5079850982741622,-0.5166670972630089,0.7100278028958278,0.010865164965582794,-0.5232989514066336,0.7993848114445941,-0.7922457206982452,1.4542620743754733,0.9879072581825451,0.25549246408149723,0.46539986452718063,-0.8357771750314903,1.802870988052759,1.2468324712902088,0.35084823107742513,0.5738179778692015,0
-0.4561462023008307,-0.6278547083280797,-0.6272533571723692,1.5314534943778686,1.250504172164934,-0.633943357215011,1.0342078969918758,-0.8132278442759333,0.3991192235304968,0.3660601216182359,0.8382171881465531,0.9825326846894491,-0.8728575284068314,0.4014083559887263,0.3632239665417825,0.9541028474148741,1.0572704368614858,0
-0.8711035291149898,-0.8421689428983214,-0.8223622168572925,2.508028554957306,0.9531642739283431,-0.8284174420644195,1.0874376642550356,-1.055243176094932,0.49466611218064976,0.6135404131227739,0.6231665311233578,1.8870348926062739,-1.0350180367583104,0.5204590818886525,0.6646730876708746,0.6989460302087203,2.1222737763045725,0
0.15657766945771798,-0.06397343501409697,-0.09792603925206388,-1.4188951960215308,3.2254918831305806,-0.08638648075845255,1.1705516936291023,-1.0938948283294034,1.3807589373605471,1.8627506326777532,1.0668882876380015,2.281268854895003,-1.106387902561573,0.9284131351994236,1.3844427147898926,0.6167243761678399,1.7145182993406747,0
-0.2335705154972846,1.3815939974850928,1.364823365058851,-1.640674342427865,2.3122397960642886,1.339775339969207,1.1790733421515198,-0.968550551255221,0.905470099532555,0.4502808522012238,0.9103033328543283,0.9087221692280947,-0.9811623607447839,0.9613667980220552,0.4379918896464943,1.0082788074573683,0.9396662009473468,0
-0.7492802665954796,-1.2635725505423148,-1.1962484082569702,0.4040090064968719,0.7336665553416711,-1.248575585106241,0.8513148474655852,-1.2982396054733714,0.3766475436446241,0.7240285885743737,1.3031061859923678,0.5560089726323534,-1.1984787081043506,0.4024891773965189,0.8211316504257201,1.5742032584242862,0.5939205097909198,0
-0.5503977850865067,-2.2660837373957605,-2.0337411216825823,0.09391151337840667,0.36456930733997667,-2.2429694154366975,0.4985681010144181,-1.2844754683278565,0.9733644743722456,0.0751028936660804,0.6673436634076867,0.5661538256891009,-1.1732987332233482,1.543425893056439,0.3178107835765418,1.2150886489484916,0.9861866292145599,0
0.5993523839633178,-0.6936724737896762,-0.6875288491003348,0.07550109156310919,0.8060071495318809,-0.7002574367340261,0.8573066932363058,-0.9784552077206303,0.3522655480102103,0.2312514391767975,1.6095001348740259,0.45396144954621315,-1.0046240660905812,0.21727606125168267,0.07824352414505487,1.6468951181611868,0.29618856078882955,0
0.925175045790295,0.2812837295813999,0.2376029104538721,0.6152535692737269,0.5271148205077278,0.2698447569347997,1.2303803684280439,-0.9132498299381715,0.42327896172870294,-0.17744172290022048,2.312643663901939,1.069081431580765,-1.0101452988786568,0.02600148095230476,-0.5568240312291564,1.827790283977279,0.5742648535670015,0
-0.27073960500553423,0.013900113078663756,-0.02300485294844945,0.8029069456234517,0.8567937429867724,-0.006422057998415955,1.2777457704622237,-1.1085061652607497,-0.20614249298189302,0.6103687137203758,0.7337244416385785,2.194651058106273,-1.0698247387740505,-0.2921548913062324,0.6740006394158805,0.8509489852398143,2.504835256530199,0
0.5991714104221944,0.12360268706026623,0.08328788630455591,0.2910078400782432,0.6627690363975188,0.10430739651436874,1.265730889056684,-1.1671149957253724,0.4304844128085506,1.1103611456483957,1.8513031630814103,0.8185750744609462,-1.1374913203626587,0.13757077054779823,0.8105922539108172,1.58858848305786,0.47786335892395587,0
-0.29958577898108385,0.7640628930011986,0.7213342971662287,0.0995705994611779,-0.11200839488455505,0.7327711282304477,1.4101099907609,-1.0028726377181443,2.919716090947785,1.8019905480397291,1.1219261410783672,0.594393286413053,-1.0548389995795409,2.4072037005211198,1.35770057610446,0.697586476393024,0.16285239882047892,0
0.15582364977306407,1.1401127837211795,1.109885083792578,-0.12384570279434629,0.18701366849526938,1.0995498975127678,1.4621503013026143,-0.9535834105869068,1.3527580286153076,2.1205977378472096,1.5310627433515214,1.4816589158167832,-1.0461157395969112,0.7520985689078532,1.4297302558859883,0.8947024258323154,0.8056771484840796,0
1.2191421905114308,1.8182561129379369,1.8366012468983035,1.0749470166744948,0.1789114983071267,1.7942408041661495,1.3241925790926392,-0.6843284969256149,0.5569663199906969,1.873420471072051,0.9241026267682958,0.7947013607624962,-0.8489615175584987,0.3143593753109022,1.669200446769306,0.6888826650938278,0.5156972044245003,0
0.5154637069274086,-0.6292480342327449,-0.6285326245419799,1.4549595624828207,0.21962887290498975,-0.6388010020722114,1.023262387350738,-1.1435589409172655,1.4188415722891696,1.5487599030566184,0.7277832374899386,0.8837009416014243,-1.1030931958192576,1.4632858357127903,1.6262399836019847,0.7097627160402132,0.8353423233388612,0
0.33670164856434226,-1.2955202031067696,-1.2240662979100159,0.14948435048084247,0.7092766479446758,-1.2979402737844001,0.9336571637395018,-1.137066241234825,0.5658152031862864,0.04852395974666734,0.7829584085824904,0.8566655087752534,-1.0692378758060317,0.8381019642349886,0.17084119399124773,1.196810175732754,1.2069691767464275,0
0.29744926772186375,-1.2342385916995526,-1.170640896712642,1.2112625926111569,1.661609287204402,-1.238048340258466,0.7358070387271739,-1.0808871533401487,1.0006643758740583,-0.322539217073484,0.7080728908769623,1.1026023573181347,-1.0311416528760282,1.3557871722495634,-0.3382060149282999,1.0481836728937373,1.4743662158466049,0
-0.33432708807730044,-0.6452631926307091,-0.6432266208041305,1.3432397031294232,1.997864950220477,-0.6541682176121347,0.6238320033644875,-0.8285129526684273,1.619032091817847,1.5041700614030142,0.618060678500525,0.6170596088474525,-0.9105759074144743,1.5924261437394598,1.481610836681975,0.5082888402236566,0.4719514799431055,0
-0.17219359982504368,1.474968261726178,1.4645395523625282,0.6883829853855515,0.7735364343517718,1.4309123213331958,1.5014656813584335,-1.1024708068267604,0.4416882299304089,1.2300825306404042,1.7723855850462567,0.7475832140366248,-1.1005817628387173,0.1475352122573919,0.9293479141279685,1.5037683853457318,0.40633457425958597,0
0.471468803298568,0.7109423964532855,0.6672780084448472,0.7521617462231751,0.7131883487402588,0.6799713822104947,1.5742717001054052,-0.8000945714537063,1.6370655860700452,0.7096779817839073,1.0956977181478924,2.1608069635597533,-0.9456875077896169,1.1838974906201059,0.30164653505501865,0.6599600967159175,1.6218160650085582,0
0.5838942222431993,-1.0265073950995203,-0.9875058298845169,-0.4844429558393903,0.5470154127304941,-1.0283045126700623,1.157425447666233,-1.2074926912986736,0.901868673591028,0.5477332204485779,0.7243892984419599,0.9718091443545994,-1.1283203693629622,1.1644373082285135,0.7326920118335758,1.0011765617852224,1.2371105671777038,0
-0.4237793607109687,0.7622426766258873,0.719478615210029,-1.087746829930914,1.0209944604987706,0.733620289678347,1.1996660235275245,-0.8410491269834507,0.7109124119039405,2.3309593107606523,1.7671318347333562,0.6470437466394987,-0.9860058950751335,0.20667776734661097,1.6503467924862745,1.1439014645744943,0.09392953603681574,0
-0.7257246731747781,1.9708634537798564,2.0047553287614788,-0.5795244827989765,1.083842019981053,1.932168101802206,1.1980317992741099,-0.9475323163720741,4.215548600239212,2.755153152425271,2.089627867779925,0.647351859965605,-1.0830969570832512,2.467558896108534,1.3942246841754518,0.8684886978772917,-0.22164985575196758,0
-0.5789027089072872,0.10778343798521485,0.06790626434053548,-0.8126999063120972,0.7047211016497623,0.09383833816290078,1.0953819738635693,-0.999102927645258,-0.06394673013017665,1.8787389548629978,0.8017908051011629,2.1913731203537115,-1.029751967877009,-0.2952874200397752,1.735577180914104,0.602039249582632,2.000983023440583,0
0.4110426912046257,-0.09967840848229459,-0.13212970108499747,-1.2240063739787237,1.2472142757904032,-0.11925264632529783,1.1126184458312232,-0.6666984386411617,0.23646208065036586,1.738817012291055,0.6179635896456964,1.6622322016817357,-0.8299417717446309,0.017874870313872016,1.5913195820643133,0.4028836576281711,1.4569339626337285,0
0.602592016245834,-0.10399498908931006,-0.13625848933370163,-0.5142681059405285,0.853096655353856,-0.11967265405824301,1.3980802898594213,-1.003356915122411,1.1080699339153308,0.35037484698716437,1.2441707086032758,1.862776613693956,-1.0382312778423828,0.8623516713956583,0.08400965575358059,1.0171848924240117,1.5819754007819327,0
-0.4236249063292499,-0.03084767540228204,-0.06611012311379032,-0.6042298358304904,0.7019886463607768,-0.04714571934337136,1.5275746589253194,-1.170620123723086,1.4878052303721094,0.6312115095384306,1.10296513390547,2.013209027614604,-1.1347317918423092,1.274767397764923,0.3928621255710273,0.893214280932638,1.7679916037676713,0
0.2920237094642315,-0.8940932084026328,-0.8691300395816335,0.21351184762740968,0.42577909501057615,-0.9031120030707664,0.8216463341443955,-0.914140293384373,0.6841896602165536,0.8104625750278236,0.8117195362328384,0.4186793857879738,-0.9331513207289021,0.7850283593312609,0.9459187412006737,0.9841845216291798,0.44980229087702256,0
0.5782127474825387,-0.021678726795776006,-0.05728960896998854,-0.25952825804799207,-0.010337925669252483,-0.03921922284679966,0.998557944187553,-0.8534207900067332,0.9762680397345607,1.1512455774106425,0.9586546777107139,0.6448043150180887,-0.9280946996888468,0.8814614233499508,1.0780203193280484,0.8844211777620972,0.4903508729156254,0
-0.5615087871057401,0.47502166791060274,0.4296840569307709,-1.4760694205813367,0.5753963328747472,0.4546974685149358,1.2533069898848002,-1.0897568117219794,1.90341044336446,0.6061493062031276,1.4986735856945,1.0938626618820635,-1.0954473790897479,1.5596449739770488,0.2802362929808404,1.1830220163636838,0.7205329503770723,0
1.537267494381278,0.1638624381529335,0.12251608761360627,-1.3625633482958146,0.9663071315067866,0.18760898442141846,1.1910908044858228,-0.9491508105406083,1.4719677633598007,0.6817871805379302,1.1687752276604446,1.6367678560952243,-1.01186800341797,1.1770668939321265,0.3849914790537001,0.8821100687421306,1.2943088117069397,0
0.7446846941956113,1.2077117109401865,1.1808231320382172,0.7897556354769747,0.038307345797993726,1.1753492485946302,1.0943615316167377,-0.6549467730350577,0.09736421870858436,0.1357708122022727,1.360762348445014,1.0939493575023187,-0.8201317372932395,-0.11798985995689358,-0.08986839974154462,1.235848904808694,0.8841987196610039,0
-0.4336999179415361,0.7005136502236126,0.6566896757615619,-0.3498693712690562,0.6289223546941265,0.673091976095551,1.2696233641845827,-1.0065986089479186,2.691152930844428,0.706712792667427,1.469325877664752,0.9969649941281954,-1.0590964325978511,2.154939393187091,0.2886037743159448,1.015495646159143,0.5196523518879227,0
-0.10349243073004445,-0.6566127600325444,-0.6536286033158599,-0.19459780955392908,0.5887032866062007,-0.6691159346924437,1.2256450452950571,-0.962685703124605,1.9954725788718772,-0.10188911746811986,0.6717027910308445,1.253951644849523,-0.9780360584546214,2.2071968872774255,-0.2114880605558952,0.7115035451617037,1.3282690841659097,0
-0.1733479936934426,-0.4717806643960647,-0.4830607909536427,0.21999013973992967,0.9088676486814125,-0.4862426787252109,1.421666571018662,-1.2545923092517808,0.1933935231207255,0.2559846641449373,1.7953818455491415,1.0786438043915307,-1.1801366833311275,0.014273522416249632,0.07245451685651215,1.7895621694371031,0.9218465204811255,0
-1.1422717491908294,-0.33866070659783665,-0.3586731733457893,0.6589332512249148,0.975051112288589,-0.31847248702216463,1.184972055063252,-1.0471805583117721,0.44616930767014007,1.0917623799732223,0.6396396262223731,1.8141608250919137,-1.0370514333938496,0.4044355772964138,1.1486305676782682,0.6432278004564808,1.927316627885316,0
0.2740514784866069,-0.5349671237781475,-0.5416507440604131,0.10889847319795644,-0.003593201318917006,-0.5495913512599349,1.0878757550856022,-0.9919097405881899,-0.33938399440397654,-0.11244718506886599,0.49540531706483826,2.8799742695028736,-0.9810081469146255,-0.4129321806460243,-0.1425906441376689,0.6334194949039053,3.4706308488975335,0
0.6231732913593477,-0.21621058679947228,-0.24311603160874642,0.17847861621034247,0.4595917051273437,-0.22962082060288888,1.0805290683303388,-1.0414021685580648,0.39664208528304273,1.2556528535328235,1.0656555953483569,1.03546541956245,-1.042439378360319,0.2786077910251013,1.2290986793830312,1.0436713727390166,0.9450140969453515,0
0.11264416727876674,0.3386855642657282,0.29422891556828074,-0.11104949530351052,0.7651246649905312,0.3101307691651783,1.1248137299488785,-0.8817444464266923,1.7492816296115936,2.722389714655121,1.2489780618097808,1.4855173164820357,-1.0141070921920514,1.0571926032355337,1.9079210966235756,0.5928079050941354,0.7682635151644939,0
-0.21142732471215592,-0.08321804673029967,-0.11637299334021275,0.4260039703766922,0.9527213799037932,-0.10304417462235672,1.039335868798765,-1.0574721479065117,0.9282466931037555,2.491159005245006,1.4246841703535076,-0.09085199571384717,-1.072983591870871,0.6484050188652781,2.230892670290796,1.166532803419331,-0.4098041870447269,0
0.7192411897622552,0.8084151735691498,0.7666253125424046,0.8957063091594337,0.4223402718948003,0.7815938984080442,1.1671948887139505,-0.5954046639382933,1.6520147833754961,0.45364553008949804,1.498015441284794,0.17191904305411115,-0.8187536773608738,1.2941211825046506,0.11663398869086729,1.1616999122993004,-0.18969401688217327,0
1.283353687050844,0.3973515409486193,0.3523499034012434,0.055944028774067865,0.7810082645451963,0.40102719881595345,1.3433449538273141,-0.8080135126310455,0.8693756585169259,1.0706538449425498,1.3701189214104696,1.687480581824376,-0.9499910626922066,0.4624004746714482,0.6461765894082584,0.9323191625243312,1.1783889759117387,0
-1.0311220862560666,0.818719250706075,0.7771679855442963,1.627265966908286,1.2869006377612076,0.8122627243890944,1.6627479827055072,-0.8310681602621304,0.685064793382068,1.3709582602062027,0.8975954407430649,2.034092561831813,-0.944396040220002,0.39316826647880143,1.0774838908668556,0.594954998784154,1.684196984351907,0
-0.5510452380418238,0.013841909451101652,-0.02306101485270151,1.1991597674565662,0.6747818446563175,0.0004897369614739496,1.6216450801556603,-1.1849963497837033,0.037166874173254504,0.1533460759884838,0.8031547376051026,2.175896891409769,-1.1183436031315983,0.027460268182877088,0.16599475860350602,0.9975836455297429,2.5729305876770048,0
-0.282155821396876,-1.2314897579899389,-1.1682380507886303,0.11715526022561301,0.4632487653592122,-1.2324707613727477,1.0829915800438645,-1.2458636908744676,1.1394933973876806,0.18177748132594082,0.4333065025114832,1.757820176778943,-1.1530858607562688,1.5277937733863651,0.3120966051918082,0.6736451395587446,2.301104204236003,0
-0.16170588836318367,-1.1621787522490725,-1.107469168813853,-0.6218658039864766,1.134147021498582,-1.1662974304909375,1.051739964608872,-1.210520059436439,0.1943115521423036,-0.23397752955544165,1.053806383275727,1.07320253228338,-1.1270973020450847,0.32312123598917397,-0.22621041951519388,1.5074784284667437,1.4308055253566494,0
0.2797253462738791,-0.06859693451760916,-0.10236036364155854,-0.8714587504389285,0.9335161637796231,-0.09022578120049211,1.0267606886423357,-1.039475377800105,0.4215296171393986,0.519605483176131,1.7343023593813396,0.6701480626515676,-1.0544765861135263,0.2044084882404651,0.29946966860741026,1.615858766499881,0.42326211025554916,0
-0.42472946917904497,0.027639822079641184,-0.009740216137853157,-0.5276748983860037,0.623843090903997,0.01045922924682508,0.9411942667902977,-1.004330981846011,0.5822712925717788,2.307657565286559,0.42991403554843377,0.47785528470286986,-0.9967695534513924,0.6522019264231033,2.735093210305219,0.4915609841288509,0.5086022842987412,0
-0.21267309151916017,0.2851544999524923,0.24141381995009512,1.1131260339510716,1.5563271535496943,0.25973212617111385,0.9807486453102762,-0.7667196308051863,2.303876538370217,1.1793801185649107,0.9431430533137195,0.3796146129240795,-0.9001199697725404,2.0690948461594187,0.9335844714243434,0.6917891894267592,0.08186351126134456,0
0.3530158324258587,1.4576062898367022,1.4459503143359558,2.4982159041717344,2.2635666122537366,1.413597782479212,1.236398082949749,-0.8479915949945945,3.08677688424351,1.2020406659382097,1.6148925510500074,1.4845435282475836,-1.0083400165596712,2.066925243919067,0.4894205619194915,0.8184928526213346,0.6715981889496152,0
-1.2598805622890064,0.268425906131457,0.22495176291177824,0.4589060979563997,1.4887535768558464,0.2850296581183665,0.7874705639575764,-1.1214084505068453,1.4742315778174386,1.0757867739232214,1.3441804863948523,0.49123174866119773,-1.10157675179265,1.3243244441301927,0.91094896881575,1.2220186313525132,0.2595127277300367,0
0.7766207446430781,0.3611957653774341,0.3165003704100741,0.500741242933327,1.3043672273741524,0.34316623499211973,1.1974879263570721,-0.8485441694433328,1.962872545297161,1.1487528328747898,0.8528569360711622,1.112603368605103,-0.9473973606303122,1.7298172717618476,0.9065652149617522,0.5996481389477359,0.8255609421775473,0
0.2636978716202776,-0.06074887656121802,-0.09483249541911892,0.0732118948825002,0.3809728671054843,-0.08263142337412871,1.0608439665455334,-0.8914856843644193,0.23499637064015527,0.39726150034799046,1.248487128272558,1.524837201644053,-0.9589507754661064,0.04565703359396012,0.21045205767112365,1.149441234707149,1.3710692864128429,0
1.2178552979895503,-0.9515300431244477,-0.9206342884334731,0.2757295395294792,0.37295932434290563,-0.9278546259591627,1.0074525993346735,-0.8683723470356367,-0.06773952854422838,0.5886334457611145,0.7043367804671956,2.220799320303283,-0.9255477960347178,-0.20152383034408214,0.5326458117438752,0.6788213592816742,2.3212994298646845,0
1.1531801600483176,-0.25841136681023336,-0.28306454659088004,-0.7848401857985076,0.20953350192819306,-0.2504101880399225,1.5094388560304006,-1.0581264935557309,0.4736962919851832,0.6898275041697397,0.650774072828395,2.357359606164198,-1.0476671120835783,0.40729111868526585,0.651969384936291,0.6205193122299906,2.4816241825875474,0
0.6741822813543935,0.7762935764631964,0.7338095437208431,-0.3516599376287775,1.0538077507917867,0.7487382738354036,1.6199204888155396,-0.7486460281370804,0.48382029763690243,0.46939678511026667,1.1781066560389692,2.0081800135594974,-0.8967261883671952,0.19511738065814632,0.17050341460680316,0.8916187694094962,1.6618010781520474,0
0.7649465096420212,0.43250806709852674,0.3872999348496773,-0.24752277557589558,1.4749365323618187,0.41297785678702537,1.4030179989490956,-1.006265068830707,0.14181954312246015,1.3566442590599785,1.0352832717182536,1.8558328382024247,-1.0333493706684422,-0.07772347550131305,1.1934228472106625,0.8654286443563233,1.6634054729206336,0
0.585307829517367,0.07275868419822101,0.03391528239942186,0.7641431906793882,0.14395674723500493,0.05392148318392822,1.2129447892632745,-1.2166128427842868,1.6354378801169718,2.009642768300139,0.5352918838055699,1.3211776247883955,-1.1532296098637833,1.6360160571571514,2.0690812802548497,0.43199998000213746,1.2583048889394841,0
-0.4230550551289613,0.4338385354971936,0.3886243561678766,-0.22382744697985604,0.961035424809217,0.41029785041353245,0.9757175070058783,-1.0922746652911406,1.0242173096131084,2.2563400187876943,1.013154302941867,-0.03446484533012884,-1.075279251247813,0.9575901163388029,2.3289398861818604,0.9741591538330393,-0.22675915992937826,0
2.230454001402635,1.527788979517326,1.5212289863838595,-0.4425824999355574,0.9765169618114748,1.5802105247919243,1.0932998336869488,-0.9626855565707758,1.3081618068842646,0.06736965698689304,1.4046480658720861,0.808317451157029,-1.003026290407855,1.1753800683537072,-0.14672012480372593,1.3177480426440584,0.6112660322988933,0
-0.2819885323834938,-0.2030697224536471,-0.2306500191582901,-0.9850709625527126,0.6999840793060206,-0.2198578074204105,1.0474524720787375,-0.7641549204073765,0.4039581961927546,1.4215178198911802,1.3432240437985559,1.3198231134396539,-0.9182558075028322,0.059947840784569995,1.0388317654151116,0.9669336839559395,0.8902456110044827,0
-0.2793396119144813,-1.0910139119324263,-1.0447109329180426,-0.06928798637902842,0.5694389703104059,-1.094213651792331,0.8925032436274439,-0.9579991278843323,0.5271390132194164,1.8778782638889735,0.5224247256893404,0.5341818581934246,-0.965005883034327,0.586899735778752,2.217790074651264,0.6074329836566632,0.5752165773574323,0
-0.4706342147860204,-0.7577820964788082,-0.7459367511437155,0.21661726422019695,0.39743560406934386,-0.7614091796228457,1.0519786405116867,-1.1307117223559588,0.03250725641561137,0.6296861689776634,1.1438307073228826,0.9782679255744033,-1.0855478058426873,-0.01619208682467906,0.6898535764815463,1.350448739178356,1.0697824856600273,0
-0.12234733685571851,-0.31051080494406247,-0.3322045424372054,-0.20848329226410572,1.1078089233310904,-0.32805665010538865,1.0420215232984658,-0.856108598241276,0.12223668687312525,0.15710749622298043,1.9918873203570684,0.6143557567970037,-0.9577651659631614,-0.16115275760728606,-0.14140868421313146,1.752997161878322,0.2857537908314006,0
-0.6639604602755823,0.006687766672604369,-0.02996231896338289,0.7392874517381296,2.2940960245653574,-0.002662367857849326,1.012812011554956,-0.8930115324636531,2.235831824388458,0.8041990459005609,1.2460397854125527,0.33948062438582977,-0.9748528113245887,1.9904980632924807,0.5420736800196204,1.0074978972649298,0.036548746070324524,0
-0.151165046506928,-0.4142193274713016,-0.4294336933969647,0.21077951622833027,1.9811756733510113,-0.4298496091530225,1.039679441979053,-0.9783559881786624,1.2782109002591153,0.17603755557198086,0.5584719155280383,0.888210155498233,-0.9642589183234878,1.623027573887364,0.2560027028145701,0.7740965752991134,1.1239141616775534,0
-1.9000827341283801,-0.8114865919773363,-0.7946345535805667,1.12367668514215,1.046498344415606,-0.719273709623661,0.6776552394887138,-1.2326114945519273,1.3150826907359578,2.304395197974923,0.717838707244913,-0.09366880701310455,-1.1546462214224638,1.4879964743796625,2.6844915336869697,0.8228361274845157,-0.18337155072335717,0
-1.178713082232859,0.8828665447557302,0.8429745316167772,2.029480309960139,0.8435719556325922,0.8834191229018663,0.6820753095957734,-0.8505128792604861,2.503453852636889,1.2546080129520767,1.0868274643222966,0.21576421982394703,-0.9538956824262528,2.216813689441626,0.9733104826570516,0.8067420934571089,-0.10662137430048686,0
-0.6491565391582049,-0.3151585632695964,-0.3365786876330547,0.20216348889286076,-0.053331925732533356,-0.31986483316227965,0.9386477537774935,-0.8390454130641106,0.5120671641525172,-0.17977451525767862,0.744304125703035,0.979254053098569,-0.8666137283481983,0.6584936703564642,-0.2012083092910498,1.0012653323936522,1.2196806397561137,0
0.8782602736344947,0.22561891513207477,0.18291960917760322,-0.16702906939819565,-0.04806492238241365,0.21328400195322342,1.1025960126624157,-0.40993955881976596,0.6088975437546881,0.6260246488029756,1.7540464828129354,0.9243904889024459,-0.758568718953923,0.13719410542675603,0.13749076865645593,1.169206413216641,0.36472594592817625,0
0.5689473806123954,0.02006840935378233,-0.017051535744908673,-0.08202848318756076,0.4532925043171768,0.0016676882006567576,0.9266694913827677,-1.0756949599643073,1.6832369294550675,1.3839378308991808,0.8450379094712249,0.25390606830748214,-1.057988961159343,1.776783321005222,1.455424039749241,0.8628483647648686,0.1429337791946482,0
0.40884307977794787,-0.7704302864342153,-0.7574246995089591,-0.26825487867868925,0.9969776994007845,-0.7798059628184809,0.9820529242006056,-1.1866507117363154,1.6287314370154746,0.15921148468395221,1.0889648400362975,1.2222388685968288,-1.1319603494811417,1.6771550761477427,0.036638745494857954,1.1170908475024763,1.193998820850659,0
1.1906172651463034,-1.4143427213406832,-1.3268767512139068,-0.10880791680631988,0.2078569438189446,-1.384051951119485,0.8710588538746905,-1.1155091239587374,0.11088385114691843,0.17086254622442396,1.0609213863367013,1.0137474072276493,-1.0667283667676215,0.14206871632423854,0.2157810914932743,1.3743374849140475,1.2259798316594006,0
1.044932027502354,-1.0078090137378393,-0.9708672483315868,0.3185961924775077,0.3516327819244785,-0.992528763130943,0.8429686511230338,-1.1498596412690332,1.6591100007952801,0.3303255573722072,0.4911295419146703,1.7470955813883482,-1.0970950386750689,1.9180014035296882,0.34850327332827785,0.5606757062213219,1.9969335418192566,0
0.5693477313266944,-0.48406763680316,-0.4944767171958696,0.6645627230643743,1.3051388708518201,-0.4946516061479165,0.8380550005622582,-1.1110247425361304,3.398252237823797,0.6927348080392616,0.7454940411582032,1.3099993461661996,-1.0994504374311067,3.2300288345219643,0.45711506042411365,0.5073785622919752,1.0512992586249335,0
-0.6837098448751293,-0.3314959454315342,-0.35194180651377965,-0.28675787934867225,1.6806331115880706,-0.33461573667904676,0.8581538338497504,-1.1084161107228818,0.8202662915540005,0.3651409611691588,0.8558211819811132,0.6170430716588506,-1.0577903156573074,1.0528154132491496,0.4934720355886237,1.1626159148060864,0.786851718952537,0
-1.1808669140345396,2.6683177588826066,2.7948491315002135,-2.0457137153514062,1.01328722556676,2.6379026028469337,1.0073534494173413,-0.44843453756953966,0.712712210698142,1.1600123065771528,1.1387279404619866,0.7406213001800757,-0.7335603337599624,0.3896630823497055,0.8257139921929562,0.8051293771608609,0.3713158401452722,0
3.193282956311839,1.4878393000077248,1.4783345744173357,3.0294778407988363,1.0646473269806689,1.6502187133480173,0.7596235707127122,-0.9260281496933986,0.14353078339756256,0.5578724343478842,0.06966581737340469,1.0114128250080947,-0.8742755895123355,0.47311486344668846,1.085834339919247,0.42721487613214665,1.7147682839032083,0
-2.2272213078720196,-0.550823240806556,-0.5563077726203319,1.46343385232185,0.3506940095027316,-0.42897632696918797,1.052595149997626,-0.9776201807923346,0.7944757939984678,0.8447348656736038,0.8331787190802982,1.7821821535187363,-1.0063318321484573,0.6798302303514161,0.7361607643142215,0.7351709976972558,1.70734381087348,0
-0.8775586508886197,-0.7048772096923643,-0.6977586523834786,1.1244288677587275,0.5883044051147972,-0.6931390683914167,0.9705993002556825,-1.1525688600466555,0.38908946216042556,1.0862175576385131,0.883864289044014,1.5281586124474977,-1.1067932398801426,0.3338468459135945,1.1337894653660907,0.9275808332730364,1.593481401279863,0
-0.5769472106146238,-1.589530134123928,-1.4765812004608156,-0.008172427840870284,0.5519719199317085,-1.576355152595763,0.7323420283695795,-1.0828304060873015,0.008131252448699833,0.7328278459137082,0.4163311159791395,0.8375280614131244,-1.013323459083189,0.2150457623531443,1.2330469771527433,0.848080874504098,1.3549600052455564,0
-1.014073353810814,-0.22851665465684462,-0.254778716757877,0.47330514689111874,0.5668726857712171,-0.21778621921559307,1.220720721426963,-1.124177746778993,0.513641252579017,0.5737541161153474,1.6024671048448398,1.2530408655525542,-1.1064904849094699,0.2860832807920589,0.34170400133396167,1.447171922145454,1.0044989109369187,0
-1.2393882550313873,0.2896339273466438,0.24582533557799424,0.5749076451043045,0.655321318893438,0.3045339742657475,1.2359349266502662,-1.2440638626263343,1.3835588370450804,0.6048051375044743,1.7127704012604883,1.9432983055439543,-1.1866543824355453,0.9528604746027197,0.20686545731131487,1.2814732261599535,1.4270857377623083,0
-1.259668956754585,0.19984509782823326,0.15767667502614607,0.9786275842051084,1.5485781829057395,0.2176927037302509,1.1952420958944066,-1.0200990388183764,2.91593373638604,0.5724430724952357,1.7368730245883066,0.7371343176339165,-1.0726115870450117,2.2537213881296383,0.10985301723048828,1.189996097741987,0.22069811810379616,0
-0.822426709314237,-0.7190920877405967,-0.7107235266481242,1.6175422957944148,2.189347973805679,-0.7098068593616425,0.9417143108583681,-1.1826552498220515,1.009390831770037,0.011131636875585542,1.2443405394860798,0.7625183096673552,-1.1219111829119097,1.110870649852988,-0.057938877079583416,1.4517215370211327,0.7999740291773677,0
0.4569069290348288,-0.276410597962751,-0.30006370218083633,-0.42380390983460087,1.8106969134741193,-0.2925264713627721,0.8432392316525202,-0.9599315725348466,0.3599991493311421,1.2798820137842337,0.8928819016910541,-0.3933702070036877,-0.9509010105331245,0.4831604442719401,1.649795568555534,1.2139466840292863,-0.46254745097963074,0
1.8689172602696447,1.1084377782109358,1.0767599500997609,2.6099238193079444,1.1334904277880802,1.138520400480394,1.0813479406187414,-1.1157641622555674,0.23929061450592837,1.2368177539316394,0.6678013174575117,0.4470993393032432,-1.0566925032723251,0.38575629085687063,1.6852869869728895,0.9962028495611065,0.642440230295624,0
-0.08070160154189282,-0.16452337783183482,-0.19401068801141172,0.3190735529631733,0.6021265705240911,-0.18469639799472365,1.0712665437636517,-1.0056598215357708,-0.04858667983990545,2.904334385876147,1.1821251639421833,0.17252891818271068,-1.032897715786021,-0.2753385507138133,2.8299458710927223,1.0277447575235334,-0.08141956714730239,0
0.07718239063096953,0.5691643244251613,0.5240084200356824,0.16527943098734857,0.6506824168848137,0.5371450307288438,1.3128476390604202,-1.0434713903689985,0.4883989887734061,1.9454368366284807,1.582376358059173,1.008942516686835,-1.0749110292505826,0.12866570508255223,1.5266673978669663,1.1870580001752773,0.5757724827018897,0
-0.2519691729523745,0.24549194475455488,0.20241632804774096,-0.5970082756605692,0.5375423428346314,0.22129864559885987,1.1816906313905204,-1.123331090170459,0.20868560892465174,0.994088851025204,2.2350895251254816,0.21866308103770077,-1.1156027173228975,-0.10950815736443123,0.6504747608176926,1.918810423631321,-0.1443324493820103,0
0.2925766524308561,-0.3678479372376201,-0.38605624493191654,-1.9268786723588365,0.7475925573919038,-0.3848295565083784,1.0521920622913061,-0.7886064936323858,0.5764970858750266,2.1009615513091116,1.365529432035649,0.425035237789782,-0.9285825357368882,0.2421257945409728,1.7323456296901134,1.0159621046987581,0.04975469121954349,0
0.018877371618694717,-1.557138464000905,-1.4490696723147447,-1.7109008703579867,1.0020089981400178,-1.5569530023160205,0.817396686666015,-1.267522310987283,-0.4333288786514375,0.7485494741968001,0.6778142170821227,0.4245651351554035,-1.1537038581189756,-0.33282892623667604,1.3989862722316762,1.3815999712724603,0.9146211183954827,0
-0.48637233548671954,-0.9906458950131503,-0.9555723956228469,-0.8005647946928348,0.8862599626458066,-0.9901253661667911,0.9752773512843654,-1.1903868345862023,0.14666438144046212,2.5058568155962453,0.5898454956022429,0.9458886952264123,-1.1272429054711401,0.1047393922335086,2.889283986041034,0.6447154449250784,1.0107012829227056,0
-0.3773250862054618,-0.5919395057312609,-0.5942294078346803,-0.36549951947545734,0.9953010198223231,-0.6006687341043859,1.0544482893497025,-1.1386766676396194,0.2944709621751334,1.9487658059545079,1.1486635062938466,0.61154793863605,-1.1051826355052143,0.15542034479726485,1.97545607105631,1.119745847949869,0.46807122570664456,0
-1.253415043952104,0.3694517483048442,0.3246780376705356,-1.4172587309496187,1.3799259378002262,0.3837923121728432,1.1602944599142353,-0.836032203373353,0.4990921127958301,0.33065052030350284,1.1685849971517213,1.9398581861183315,-0.9367768729796941,0.2634543104919544,0.08077602442258008,0.9644249994239235,1.6935669730947944,0
-2.0967135313637737,0.9104231223012064,0.8713359059887459,-1.0189968252897479,1.3955408529078999,0.9828783310512736,0.7612169670540021,-0.7540877157070055,1.1443430581015792,-0.08020217880971207,1.2085108887762581,0.24547327769812544,-0.8524629063867633,1.148091027329135,-0.22872667814016354,1.2682940136668555,0.11810489645904082,0
0.6886983928314807,-1.1545734379458228,-1.1007798602080183,0.3947596967845755,1.452261067145469,-1.1513735043980977,0.6847699597727526,-1.1027776757576038,-0.2710350029861134,0.8431641795674077,0.6354280357080346,0.4072375756300943,-1.029182328549482,-0.16839508168297943,1.3866350175337951,1.1655075964469346,0.7658036484063807,0
0.0436933719308858,0.585164215668048,0.5401033578218092,0.19176119290323082,1.191849132885959,0.5529653689348535,1.2708666838538307,-0.7586358963083056,0.816953214544952,1.0818815958257246,0.8803799509816477,1.9107999673581155,-0.8994548955239559,0.542489558706468,0.807571195156306,0.5986088224167064,1.5912191367458761,0
0.9149550801998982,0.6809029748492024,0.6368003560659732,0.41345130134545255,0.6717605230848969,0.6625886234046445,1.5427081257825488,-0.7305922226497179,0.6104593561966836,0.32940143409906447,2.162414486134131,2.1143501636679813,-0.9475940657191192,0.0316651992649728,-0.22793879025861796,1.3404013920093534,1.2312248382592996,0
0.7038410023002689,-1.920630551103761,-1.753415822777216,1.8301288404251,0.6819873608024924,-1.9047477585797796,0.5796623256749618,-1.2261801057850281,-0.5360321864006878,0.485661326472731,1.0515759566980345,0.16786576294976266,-1.1275033853062644,-0.5345755885678642,0.8823935550841552,1.7605731838217784,0.4332804549924141,0
0.8045877841404495,-2.472931564852138,-2.1974325669705466,0.581528133138133,0.7612843276201678,-2.4442455210940954,0.6117022197913878,-1.0891102888480348,0.39162108935244416,0.6628505674746137,-0.10623819549825857,0.9102176145523035,-0.9880024088276463,1.0030065967986843,1.450821817516441,0.31407912682182976,1.8149250710021765,0
-0.04601448786420133,-1.4510025622750327,-1.3583889156372833,0.44920019801729427,0.6771209966132636,-1.4520150171798998,1.0353882255878815,-0.8963970903184146,0.7649485432470152,0.2258262171947579,0.03851112943507342,1.2148519052696407,-0.8642402561325613,1.2614192866901695,0.5316185472484426,0.3058122173985975,1.8805954038050996,0
0.7591580470765801,0.09244096967278861,0.05300564108094706,1.0232562653618191,0.3968305000476738,0.07811507175439499,1.129515801824782,-0.9754920784747406,0.5251131554971448,1.3651094378470428,1.3211714163082564,1.408429733519365,-1.027349022870737,0.23389198819901175,1.07079565468808,1.0380618261201209,1.0643980653853646,0
1.894082568889469,2.155461578453729,2.2104256816137333,1.2760547136767633,0.46141226498508575,2.1668847281243604,1.4267276234682973,-1.0538549990526038,0.7360491508750989,0.7753841350916286,2.191737755101763,1.3933595825176452,-1.0940699016745543,0.23840431110433946,0.25997339928389,1.559405541409374,0.7664277772550205,0
-1.5448560387368995,0.1543059946803737,0.113193819439119,0.31327024761321903,0.6229544518120086,0.19355188694727218,1.0931445062561018,-1.1478255524517174,0.9680481052833669,0.6901489046861846,1.0043135292824201,0.6685222846232711,-1.097592223346009,1.0748409590780172,0.7562527181611601,1.1705194680665911,0.7020007541127675,0
-0.5922016349434157,-1.266300394467135,-1.1986265353648309,-0.16851527892657606,1.254027050751158,-1.2577751287813121,0.9460417016504192,-1.0577206058733932,0.0831148630068007,0.3228456189422315,0.6046594818118393,1.2274230689492824,-1.0094784179998229,0.21435402261191505,0.5342758626230063,0.9557973018094673,1.6896550494398674,0
0.25597873362397217,-0.5026526793067554,-0.5117233409904117,0.20914908086304324,0.25230608559755024,-0.517917087611661,0.9361960212789293,-0.7111770137330012,0.7996513410637895,0.8919100745465866,0.9366255946069738,0.7871005817088295,-0.8423876992018088,0.6746977991984044,0.7762139080112782,0.8399072566260088,0.6268575397699198,0
0.124595880388838,-0.7627194790646596,-0.7504226047838852,1.2118371880932362,0.7437455652930026,-0.7746680047257121,0.9902460946750391,-0.9210187495954926,0.4533256538494511,-0.09605050611585585,1.6517451045717355,0.18632311463522727,-0.9635932183018732,0.3565995809335199,-0.26163342434444614,1.7511841697547503,0.03334895637904936,0
0.6886701014270284,-0.1428905482086427,-0.1734007044006851,1.0871338783478268,1.673307123601046,-0.15564892139940698,1.2503288832068764,-1.2526940319469224,0.14585343824164756,0.21429011108744042,1.1139758628922007,1.4458904452791634,-1.166029958354427,0.148701555816886,0.2301145296375206,1.374215249781882,1.6799737899876708,0
-0.5075744385903651,1.1332319614028044,1.1026830355760207,-1.1688007909211824,1.7531096516561244,1.1009842337259808,1.2757362692147711,-1.0738492715231904,1.1659022953922977,1.1063954612482794,2.145171993454621,0.7474481337647246,-1.1022837354701256,0.6466044035451539,0.5849225476567362,1.554696816569074,0.2147912771730434,0
0.23758652570035088,0.633081800984174,0.5884171117218205,-1.3579508426305054,1.4970383735234274,0.6005294511576851,1.091036349963123,-0.8249391867831056,0.9651493242903669,0.8410981495265589,2.443265854131735,0.5493023563067991,-0.9882996303309141,0.36361914453168986,0.24210323357247363,1.6514549686328306,-0.05186505256888055,0
0.1881785685869062,0.4399625169913945,0.3947221658646798,-0.3640045026699203,0.7010484133267233,0.4100623034255251,1.1853950659363555,-0.910333825990289,0.07967313090713263,0.6110906987590131,1.5112828744520852,1.008118950597517,-0.9752951717257177,-0.14072722197275528,0.4081926536105272,1.3920919632151423,0.787318769407559,0
0.8615096018781963,0.6515739158833177,0.6071068279723396,-1.025552309072042,0.9011033856826242,0.6317775857982478,1.2370939436985438,-0.5477395911139896,1.0714207214541123,1.3844427744002794,1.454898982108602,0.26549616799321774,-0.8076343671509856,0.6565870857286835,0.950700009203618,1.0220866113222242,-0.15070650999336668,0
2.2701729146153045,1.9773581574124848,2.0119492982911846,-1.2178492868218822,0.993191147936128,2.0237031596747275,1.3209240033384277,-0.8076457544110195,0.4842606473397127,1.9205266263596183,2.0235697970952327,0.6744004296397026,-0.973720982742387,-0.018210689828309905,1.2361815325305547,1.334094333111312,0.08994146561665062,0
-0.6158772453890766,0.7447296776577311,0.7016367162165514,-1.1149669193596288,0.5399854747071969,0.7218702482828032,1.214781931236143,-0.9981733476615449,2.0907184599528645,1.9831089343890715,1.7037394665597094,0.6383977904690138,-1.068003964521441,1.4097219419381988,1.3172159543058906,1.0646803993285079,0.07414394517239152,0
-0.5397355986930793,0.1702746395566218,0.1287748898194991,0.8555084947451319,-0.12092159021595289,0.1540943338941146,1.164429011089788,-1.0915811180258241,1.5213567663775767,1.045904243145488,1.4609850056973233,1.3997721747642302,-1.1001479882916836,1.1322809979534136,0.6716822468935529,1.0853929668580558,0.9658949957286737,0
-0.4171175184572329,-0.24809539405520065,-0.2733111157967755,0.8545298854102398,0.2505155981084708,-0.2611765113271257,1.1878685668099649,-1.2155008072012596,0.706203813589252,1.3489264754607198,1.3068712502356106,0.8922603286821699,-1.1558884411892076,0.5634671892344711,1.2591552938067554,1.2432555092300241,0.7266627743344968,0
-0.17399447409143537,-0.7399774508901324,-0.7297456164809807,0.22082639638276425,0.23929641133923324,-0.750349094514285,0.9531724987429192,-0.9726101906662584,0.36119728570197324,2.032413629618037,0.7156131264182644,0.3704344314003611,-0.9829063614766318,0.3405531642423927,2.301030482400465,0.779920969750492,0.3281992564639351,0
-0.5737907522959724,-0.8967057114296716,-0.8714779151274497,0.7599918649386751,0.17091511632442366,-0.8947918160443423,0.7362955105719472,-0.9671565682581664,1.4286438175567275,0.9979704406257022,1.1793973176755175,-0.011486747826145017,-0.9958170075830703,1.4043316783192747,0.9395448041002705,1.1713736006357973,-0.198927353429424,0
-0.9369728844911939,-0.3387826499764085,-0.3587877080516157,1.1911774652945766,1.0113726555056408,-0.33026817693051036,0.9727437736621967,-1.0569622275774289,-0.2676396925296564,1.3368954379828988,1.2196274907135174,0.453851658550038,-1.0412387346675087,-0.39548267028850764,1.4597431955125837,1.3685167101728786,0.406964900850224,0
0.44114422728055197,-0.49407291603229414,-0.5037645827294234,0.6650389963261499,0.7960219076789128,-0.5071339428012678,1.0141313179523626,-1.1897127905569422,0.38399600661130207,1.9289135759219795,0.6027268587458604,1.2518740695810162,-1.126717441318052,0.38182045003540427,2.2091467257835924,0.661697296731636,1.3670608949889083,0
-0.12058103344694805,-0.4810288567967725,-0.49165438516439675,0.8698898124329414,0.9430011377454867,-0.4960089065196202,1.056960541850933,-0.8559361800852003,0.4522292146118597,0.23590369188030558,0.4309999118549872,2.4658489615444106,-0.906682620728193,0.43665666917466206,0.18477331605765676,0.4222024507736732,2.721314205304898,0
0.26871111588543356,-1.02880526727569,-0.9895488134878362,-0.2080234051686383,0.6496098673429481,-1.0360063416019336,0.9145690241265511,-1.1192818163026685,0.41458927012905844,-0.01142823435536172,1.3192653617605166,1.690280456644867,-1.0914716135869509,0.3006017796067563,-0.17724503543646947,1.3408295358354054,1.663594573485681,0
0.26010875478620804,-0.16303369823670621,-0.1925925361831376,-0.8847072977796373,1.293468395657008,-0.18339875338681982,1.3532704394547632,-0.8811497405325954,0.0993605272696823,0.8001319963348048,0.7790196096591816,2.0345570805524003,-0.9413871663979303,-0.04824271801149953,0.7204697818163405,0.7098105945961738,2.0311030314588616,0
-0.31833570306536146,1.3216599164056593,1.3011531505084666,-0.2088538366420604,1.0060661511044797,1.282166080265213,1.4299207710652027,-0.9555619216759588,3.1025413884793913,0.9173546468065096,1.096836602905848,1.3928643253985418,-1.031929538026573,2.5327531191427815,0.48506065910819324,0.6435491795788854,0.8842665331278536,0
1.0292871504450727,1.3018876451803862,1.2802057095744723,-0.3279014153869754,1.3771792110964578,1.2779828328544591,1.0613356852202165,-1.1038131676327911,3.1644152922827176,2.4058751131533516,2.1992088817199087,1.30417713810119,-1.1453279145340298,1.79249875073925,1.2154788910925782,1.0360867846161474,0.3160711918002663,0
0.4929475435720297,0.0017856269400586368,-0.03468905745105807,-0.14758459994127288,1.2460940542115415,-0.017929356134030905,1.0761353726576133,-1.0740012998508282,-0.0833106195200539,2.50077800647077,0.9760616338677397,0.4124578225018184,-1.0601893476435458,-0.22958839377397727,2.6679170186470618,0.9766043758520855,0.2911448220060961,0
-0.23636082263808567,-0.14954561085205095,-0.1797447308948863,0.38363365193536597,-0.35544159257794394,-0.16796243440984573,1.5172204953510073,-1.1399527558874945,0.20897868223852856,1.7272286216824675,1.2310911815289647,0.9068344673191332,-1.1090783904332118,0.03446782385083286,1.6727442323908783,1.1610809270500588,0.7447994303260241,0
0.19224848132020642,0.18381922796200564,0.14200529277440668,1.0389583086798326,0.4225518570932531,0.15779940680943108,1.4566072458451578,-1.167403172543543,1.337967896769177,0.40127851076708043,0.9123727083444103,2.2494266600023494,-1.1264805102593456,1.2329566456192476,0.22873954215902326,0.7939937810183131,2.163890149167342,0
-0.2144779850826507,0.2679249186048374,0.22445907190946787,0.17488604566784305,1.0662959251593402,0.24279213212480477,1.3912168895136545,-0.9922064146815152,0.282501058925199,0.1857031956916775,1.2345329467521466,1.5582086916943305,-1.0122738846841899,0.14766907651614858,0.03406652538991043,1.2278888135912795,1.503878813665958,0
-0.13668251381965993,0.32660179039967097,0.2822885243279072,1.0022631974671086,1.3519229976594396,0.2995554668058134,1.2528599903803106,-0.4394951760602722,1.3593408082540195,1.7636895639967571,1.4948526963687283,0.7630341709967827,-0.793031260040119,0.7218936273824702,1.0689260833724592,0.818630883770208,0.14758562104906503,0
-1.6579972924004116,1.7152685672085566,1.7240803670677012,1.4075248311548765,1.3349029131966066,1.7325097992214649,1.7254831605998429,-1.009549394514799,2.30702460956333,1.7574631046704747,1.7055569981537984,2.139141909641642,-1.0898330770469273,1.3607379187526303,0.906420543665697,0.8431899320150287,1.1554328577340418,0
0.5949035253985256,1.0854515886101348,1.052767166934967,0.5894000597562066,0.7733425511313534,1.0511647215328332,1.4601733103911034,-0.9120651389693373,3.0278954559920237,1.8538102732456632,0.860711470893391,1.6830795625407746,-1.0176973139931498,2.3288671698950196,1.2720589697674451,0.334336327613928,1.0582621700327954,0
0.5371655382643881,-0.4276672619913835,-0.4419840796862696,0.8711829062426932,-0.0930648236378993,-0.43986063318736435,0.8734842580578032,-1.012159724732536,0.9381818561063869,0.65094680456944,1.2600151096568208,-0.16357039973785925,-1.0095939564646796,1.0047021494079396,0.6778219767441451,1.4409464391540523,-0.2882031062517608,0
0.6471016105890394,-0.6730981169296529,-0.668720876382931,1.075580933526595,0.15639825854710263,-0.6787202211179663,1.140251385007377,-1.1381138143026444,0.15866923984263195,1.8599821077906982,1.1221744783301644,0.38448638837532806,-1.0984468030622498,0.06326613639903175,2.0017279537937513,1.1941788535883595,0.29074899359190975,0
0.5757720617980152,-0.17962161166191748,-0.20837485311619244,0.3691432797323196,1.5269463016687088,-0.19477244525696952,1.214514513510264,-1.2305256689878714,0.16352902935047842,0.5122543113817446,1.2600257863903654,1.252829991164458,-1.156273604470263,0.09839596745792444,0.4995604046141556,1.4168554473840536,1.3192296758136133,0
0.2258379593980796,0.570401696741308,0.5252524778011004,-0.4190029239554723,1.1836345694878438,0.5387232606922422,1.137767503832012,-1.1120081320867332,0.7545597400002905,0.886330440061576,1.1496990193033574,1.0708444632908927,-1.0871652668017853,0.6697203999606957,0.8180123100938942,1.1400239018266112,0.9829130896678376,0
0.38100756452779505,0.4660648723422188,0.4207435964831949,-0.9324409030569182,0.8313948500139793,0.4374495892895731,0.9910206521828788,-0.5749020208370321,1.4973538177655243,1.301032828664141,0.9816738010915765,0.5258920578455035,-0.7968071188574964,1.2026915806616165,1.0102006261417085,0.6861711697399784,0.19440646234422645,0
1.2227332377827855,-0.10131046936634364,-0.13369091886683873,-1.4807674540678897,1.0215742346030219,-0.09229444368748008,1.0304300543448892,-0.9751520809713489,1.4511985022682987,1.3254635142015565,1.2420672623902205,0.835781564195293,-1.0251653091015218,1.1736593697381827,1.051442813892405,0.9770059387108739,0.515138354725768,0
0.6629410517028616,-0.9021031081998881,-0.8763270208996575,-0.9086448142997957,0.676196752618142,-0.9036722761524202,0.9444480394797617,-1.092342547804112,0.5646325971666764,1.2930335632903567,0.5507878330838413,0.4521164160109893,-1.0404111100935032,0.7915195180014251,1.7441916227507324,0.8271927874266611,0.6390553586776012,0
-1.3182574968364302,0.8512329449808471,0.8104852392455698,0.9133647517500265,1.041150688715173,0.8609398254493877,1.198213561622346,-0.8923122411448716,1.3512318882525223,1.9796664078554076,1.2627240715322423,0.885403629869688,-0.9935600902142939,0.9344097188047064,1.5381859039016164,0.8466482638286925,0.44361584442911056,0
1.6149844190766736,0.18554674944003863,0.14369370261461611,0.07093903572824375,0.883797945902463,0.21438241688296572,1.2192584413349066,-1.0276899848960745,0.7877205755998079,2.0036608792066075,1.1432597536878784,1.422455082371753,-1.0597873932628237,0.47197537751146035,1.6775470130177859,0.8217924058069607,1.0476583574672815,0
0.7776336210215359,-0.8268595726357015,-0.8085356968015635,1.334109976785881,1.3635513825586254,-0.8259141655468037,0.8506686796031145,-0.8844387019699778,-0.17919471951760677,-0.21939438368976003,1.3589129738391952,1.2007151884831697,-0.9332210710736228,-0.3164653015005951,-0.3744491624653626,1.4769782920973276,1.2077069349316172,0
0.07187514896840264,-0.5322279619544489,-0.5391168715221132,1.676943576459902,2.6560206131791544,-0.5476453358097332,0.6611914045337535,-0.8571731288829684,1.3718106809642814,1.601510297438405,1.3694376313448176,-0.08061225778580954,-0.95587096872573,1.1031151144040552,1.341630351363077,1.1214379487524262,-0.3937621256374775,0
0.6131972388738366,0.4394467163434572,0.3942084642475104,0.28928230555350254,2.656810816868986,0.4155888113828174,1.0455149335797462,-0.9927595258758031,2.842801215427739,1.3927904187768478,1.0783488468391167,0.5249510775085944,-1.0403752126292631,2.4820675633625187,1.0642091171121502,0.7501378483484171,0.16652479980424578,0
1.1309367360685152,0.27803342665266273,0.23440371570666374,0.5244634133819376,1.1333233032381682,0.2757553127509072,0.8508464247344697,-0.860493078927097,1.2108991303117904,1.6920903178779108,1.0953666833492617,0.7735665446436778,-0.959033268297754,0.9322428838647092,1.4222898547524148,0.8208559559934105,0.45212258321402915,0
0.7685447077580596,0.4130978239267822,0.3679925708797343,1.4438816494155886,0.07286119608451075,0.39398828834282545,1.0631020897101342,-0.833088480974147,0.36618802718851096,1.9595820425971826,1.3680775789230661,0.794486768860557,-0.9527546185478095,0.04192974528395138,1.6005601143298012,1.0251847305305468,0.41158087730077136,0
0.38114760523049973,0.18312169824822241,0.14132361694581969,0.9604424959516165,0.08334075931006589,0.1588105254549866,1.241369787804827,-0.967061910408696,1.5760928503468505,1.283614476314631,1.2694509414460715,0.6678565537865949,-1.0202429553645906,1.3011828564390748,1.0114081047580032,1.008593717058345,0.34969784598908543,0
-0.3422291469243528,-0.10103705144354067,-0.13342938276087168,0.04170579571735111,0.43594395770264527,-0.11817160581518066,1.020233592822627,-0.7988077614434144,0.8411634308998899,1.0509038058604652,0.6652529962146135,0.9518915876076697,-0.8786256713140692,0.8256510500295043,1.0704191969777328,0.645017758590214,0.9209454687049456,0
0.1777960676897192,0.6578077045530369,0.613412841240484,0.6094367332054029,1.944889082967121,0.6245823130615276,1.7128794753566083,-0.9150222162647551,0.0848432700192479,0.003099365814365435,1.1634827175164735,2.510824720513643,-0.9778454840458206,-0.13407507115586023,-0.2335736972697305,1.0121549389030555,2.3508618781284714,0
1.1191468651351355,-0.11348430682810046,-0.14533020529311735,-0.0055932296297244565,0.6638784120456009,-0.10970169144109516,1.3427513261675175,-1.2159478114954945,0.40367008254212433,-0.5931825109385871,1.860920987421164,1.8359244059993665,-1.159999515733893,0.18714427327255387,-0.8697011423490936,1.7567972888242147,1.628383411500812,0
0.28466543546924167,-0.46611387901995666,-0.4777920300647022,1.0043311581785743,0.4063659884263946,-0.481683310530071,0.8399286648647996,-0.8922304245975783,1.6322994288621293,-0.07377944792866907,0.9425676797966677,0.04780486407317176,-0.9168199799742576,1.9264199668162805,-0.11892995465513564,1.1590344529889403,0.01515709428019993,0
-0.4383174164553898,-0.08732172079773459,-0.12030308822721808,0.5723988926586322,1.4609523326170593,-0.10235759793090565,1.2040935258313712,-0.951459504850965,1.3081557534472088,0.08574590669416739,1.4586812752154492,1.3163182893466265,-1.009485507068906,1.0494095241992574,-0.1969370967565468,1.2280605846012473,1.0137351025691095,0
0.49817733666484726,0.17292076100014667,0.1313585807922421,-0.7017035858361408,0.7567933276203861,0.1506789082919255,1.2615790310053354,-0.8175399944424138,0.5225817100557073,2.6555347497681945,1.3366982905110596,1.6810649091766636,-0.9753745866131487,0.032436962507911525,1.9262147690291485,0.7290335725147118,0.995154862252272,0
0.3012075576769049,-0.8480931790392299,-0.8277080572790643,-1.38247030835024,-0.23615315346331142,-0.8577144428259619,0.9440177017075317,-0.9397347754709614,-0.09266149640396767,0.6617312435918782,0.47518613714865554,0.7538478592377031,-0.9107166072129814,0.02986626338602459,1.054668162890249,0.8531643617472182,1.1558949330398127,0
0.7866428313330711,-1.7290630324876022,-1.5942185635917876,-0.4048073862650743,0.6014323740010051,-1.7132448585225395,0.7228466195334833,-1.098434928211542,-0.2422180927359425,-0.060786576186346766,0.41581418033470324,0.4429449168804549,-0.9898938322550191,0.06920714634449082,0.3707852379737818,1.2235000709895432,1.1650010564034838,0
-1.207113113513935,-0.10008558274009441,-0.1325192192304421,0.023235780076349428,1.3368098806634272,-0.08014185883523837,0.8065814011264753,-0.6692744570644922,1.7722597213017275,2.308484046766415,0.41381652357686777,0.38251730889294083,-0.8268253098842767,1.6451777607579932,2.2314463105744053,0.20021050312484298,0.15149014617601378,0
-1.2483927472642296,1.9477276539263522,1.9791535246872831,-0.018592632998055247,0.6728619794462204,1.9335068135537814,0.9634024358182728,-0.813019431438306,1.3356134020697659,0.6341054278301369,1.1530502871845159,0.4776768520789124,-0.9100549515945379,1.2164145922542664,0.46999095804405405,1.0500058298154207,0.2720378749712979,0
1.627078031040389,0.48329067310469837,0.43794316767452535,0.37210761618051963,0.45336379918067504,0.5073117697034762,1.269340331927245,-1.1372908639228083,0.2421577793431705,1.3642281960490004,1.2895873368056012,0.8085561325342187,-1.104422083017064,0.0975339941700844,1.3282683227471639,1.2796114689863343,0.6800996202955677,0
-0.27691054501894674,-0.03601522986813146,-0.07107860493629996,-0.3113502430142885,1.4950724681994945,-0.05546001737098983,1.2524211118377964,-1.245436224040971,1.0813289123475727,0.717719686081448,1.3270799427846023,1.0176362124176748,-1.172829136584379,0.9986272547236039,0.6055346511239926,1.3093478700246335,0.8956295576292381,0
0.6123902354179721,-0.6879574056303854,-0.6823075325790756,-1.6803791298275634,2.276825295354457,-0.6942921850378888,0.9297556086677611,-1.1881290836927678,0.530234316719671,0.8299967830918062,1.326699333675271,0.30528994150854155,-1.1272659270633096,0.5307399409681158,0.8839852368431057,1.517229711058457,0.24835140125076505,0
0.2290938287461667,-0.3200012081150421,-0.3411345730252733,-0.8411014389310363,1.1767528818502533,-0.3382180514280476,0.9994272532288829,-1.0099067919482134,0.7083271233442436,0.6336174570648523,1.0108922333593173,1.0045609716764679,-1.014271901195012,0.6880830585351488,0.6061884523300054,1.0700230761097935,0.9938732044191688,0
-0.2261229615458287,0.581292234597222,0.5362066656481718,-0.9510430338158119,1.2309294074087311,0.5515586823680857,1.3542072163225125,-0.9568116040711759,1.709644007414147,1.8363926314212218,1.8085163810422156,1.1385132659751551,-1.0532577761174169,1.0044485493645514,1.1111510589953935,1.0816256330346647,0.4538915906571586,0
-0.08101258437344884,-0.6021820974984989,-0.6036570225585697,0.5824907978421218,1.9297900716852143,-0.6157304295441172,1.1174628892928828,-1.071782143643584,0.07103317090832795,0.4962605592143057,1.6508879804936627,1.4764001288967297,-1.0766399877748947,-0.1771558845540732,0.24926624917597515,1.4791920105999192,1.2153081143079427,0
-0.24763344989533936,-0.6512139848042289,-0.6486817461092153,1.8666200641627313,1.5910294759619548,-0.6617638780011093,0.928206661156144,-0.9034968433478342,0.27697615562569,0.9464032227851712,0.7754307194432921,0.7232777601344577,-0.9271941416420157,0.29270162592103977,1.0998750099333905,0.9277379611230214,0.8018747129671107,0
0.5883554386632238,0.028152051853767665,-0.009245431713736178,0.020767546824706346,0.4567935497554931,0.010078319294483922,0.7606921684081882,-0.7525890535268016,2.4566313571632796,0.6257591891356478,0.5119480322132393,1.2346069225067569,-0.8736100675764075,2.3991212138369233,0.4579547437871285,0.32904249896561905,1.067886593432045,0
-1.2668229311245442,0.9925815806112989,0.9562220265196583,-0.36465378465445386,0.5731916818890563,0.9964651958836305,0.8352943611748026,-0.6476156078565919,3.814203085946652,0.6093556760566519,0.4656478698176177,-0.3079653034667336,-0.7972524676376064,3.973514445639841,0.4933893800532367,0.33221188350527836,-0.5302148133813378,0
-0.7558950095169032,0.525365691873856,0.480044966063745,0.49489630131480583,1.1599643611919643,0.5111533814849067,1.2533039732597155,-0.9638245183591637,0.4203207018490407,2.72974107636967,1.1122544993008385,1.039791255200165,-1.0251347245163525,0.10127103477831344,2.3767104801675885,0.7734866486263053,0.6587973242696684,0
0.03634108215430344,-0.16978604089590268,-0.19901936762521213,-0.17929995341376959,1.904946128050641,-0.19058451713051774,1.1072907449525253,-1.1443863773459984,0.74969769042421,1.8389701384646338,0.7130504011059929,1.0764948170457969,-1.1023913808255863,0.7301755093785182,1.9804256379735858,0.7098506957308017,1.0691966280097944,0
0.4859453018202648,0.4738230464178985,0.428487282861994,-1.0135916027217433,1.400831403157083,0.4467380270415883,1.2069457838887543,-0.8190725118007971,1.9953109146450216,0.5539290186353237,0.7955564241533385,1.625998590520695,-0.928170929871968,1.7809939059930258,0.3049887595393059,0.5516380187736012,1.3611334615272705,0
0.9104929028859851,0.5055824310443637,0.46023305661817404,-0.6668685453401154,1.3407466017054062,0.48993560342192227,1.1781433625368578,-0.8362951887330706,1.183668314664495,2.7181961519230855,1.2532823198850196,0.38175378596710297,-0.9663296049249404,0.7507440051258366,2.206960534627785,0.8081803696939127,-0.049941475685130805,0
-0.24468929895985045,-0.040428743423423986,-0.07532055454088145,-0.08633629494813866,0.8458100900569284,-0.06037400698810153,0.9757787670345069,-1.232741121902281,1.6534482731327396,1.9127477325398603,1.511764342148522,0.39537022163017876,-1.176061662643479,1.3236083735482564,1.589203009300197,1.2058678901381288,0.04415253117571273,0
0.09321059764654643,-0.6485398389800948,-0.6462306603356235,-0.5954099485781618,1.0550241402672125,-0.6622234768950315,0.8364146053926128,-0.9159445298534049,1.6010772003799205,1.41581268896249,0.6780280937295872,0.4380882622917522,-0.9573536081702542,1.6525613505277734,1.4610905803685956,0.6395316439894895,0.32908435989724377,0
0.373248856372063,-1.5515279866412066,-1.4442967086587088,0.7740247983468265,1.261401861150571,-1.5495425960730809,1.0436847684427712,-1.1506330081515146,-0.019477542385812115,0.951296424975392,0.230841796582036,1.4646554340340028,-1.069350698207023,0.15960982653281372,1.505654356827861,0.554342398998682,2.1736791816933945,0
0.11957619802667459,-0.2653382553381738,-0.2896093550215389,1.2702286439124488,0.10625945212064343,-0.28478673591977527,1.4376056250823446,-1.2229508572388246,0.5437585152944197,0.18119445897379324,1.3330512777517443,2.2347651134643223,-1.162177760322856,0.3636910080204242,-0.028746192816401915,1.2301612182925155,2.1025908589073348,0
0.6402790741770737,1.310907292400097,1.2897579104478274,0.5190084954729466,-0.31025172269596013,1.274180097148072,1.49897367763203,-0.9714425709673801,1.2853874010782687,0.2892547270544366,2.250937801709292,1.9188243459661518,-1.063025737733964,0.6161186625863133,-0.25152896645957273,1.4445498570998725,1.0888630295322874,0
-1.1538693920772347,2.4301397472923374,2.5210521698011172,-1.8154243753730785,0.6782610239749264,2.4024109827142803,1.4835015234433115,-0.8728004239051361,0.5301629853738951,2.757526023307213,1.0392250992241763,1.1766182413477455,-0.9795667907643388,0.17561062530684693,2.3293128070813744,0.6505035667632066,0.7452553866081209,0
1.2889170602471258,0.9754218217955767,0.9384519526868823,-1.0266386268023338,0.7095422258882372,0.9693431325880248,1.1672684463766394,-0.85116690640294,0.8307945008321934,2.716471388944366,2.217731980360743,1.415927685893755,-1.027134092991236,0.083743533844833,1.5526831949638733,1.1448344950841678,0.46821811483342735,0
0.048823662036581846,-1.1285961791623484,-1.0778996126118163,0.0733460818302156,1.0051556182004735,-1.1349789739095637,0.7987584644083082,-1.0328929384962129,0.8926995349199995,-0.3543500858904785,1.3656590645749709,0.5975582413152863,-1.0241068004326743,0.9457179302937245,-0.5035685271217887,1.5608250315359156,0.5815711859189499,0
0.10932178975012587,-2.338409175725789,-2.0913309530416666,0.02435200883821301,1.7179450179112272,-2.3266308819055324,0.616693666336111,-1.2112147045010124,-0.31513419564792156,-0.2453166004610576,0.5715958552583937,0.546440213036476,-1.0916122748020853,-0.04357099527267921,0.07932035673115377,1.4829748187766045,1.3284136042295847,0
-0.39247492885129526,-0.8765796486841273,-0.8533776416988877,1.0423926477729752,1.747556638108434,-0.8805034133540127,0.7851632405181299,-1.179192319426828,1.0637105766750143,0.900729794181684,0.898279220495533,0.45122262126127965,-1.114563370429385,1.2567889145858555,1.074009298186992,1.1138775077559977,0.503917263121682,0
0.5556156128448793,-0.009129216273078151,-0.04520707571490241,0.9380103932234651,0.9972728162206044,-0.027378967833105446,0.872538973981305,-0.6662677475205374,0.685344400276216,1.4651046020677865,0.9798362083061264,0.9631366644755531,-0.8410605710886284,0.43283624178298824,1.2290829884602597,0.7327343021676345,0.6719642723429787,0
1.0820393654098568,0.09567941137135832,0.056149392245313345,0.24321033977779258,0.3799797608099058,0.09411631721449329,1.0481584131780266,-0.8576809596052667,1.8498715875714316,2.467218263417922,1.1278707568054827,0.9842024813763366,-0.9866203006226503,1.291826084624628,1.86590589747789,0.6114679943516905,0.449396765528628,0
0.8856715790496452,0.4129940777793113,0.36788944832592196,0.9296898468589941,0.43010111643350213,0.3979108038693538,1.3665622396048838,-1.0240518328450114,1.5361856425959113,1.7510849115410794,0.8284291017061259,1.2510972775928693,-1.047367968925706,1.332349529490043,1.5653557627964536,0.6035473829579727,0.9983998103476036,0
0.9143702173747417,0.020292296588267394,-0.01683539937885487,1.9348421067551715,1.091142170350075,0.012674318084897405,1.1367058722311707,-0.8022865834214505,2.9224026229491,0.5417227874533638,0.6800938323906237,1.7934150090653511,-0.9321653483553095,2.563679475277844,0.2190348550183409,0.340028136381238,1.408090051962818,0
-1.751648237008343,-0.4675446282562512,-0.47912250680259544,-2.9515918025113184,1.4838483044875397,-0.3976191334492139,0.6187061645051711,-1.0646784757202639,-0.28041472715135096,0.18263307741463758,0.43475125752363175,0.8196787239279331,-0.9814880706019399,-0.09704695602172556,0.5942288079953949,1.0423658797207989,1.5162505647927698,0
0.6361495479260275,-2.2836973417418975,-2.047801212546283,0.9575666753908321,0.08885536450067599,-2.264272551413701,0.4637603301311797,-1.1877605701910512,-0.2252623072725991,0.6146228404530037,0.3766727883044903,-0.11679220107700064,-1.064294453806055,0.14415081455648968,1.53238916013062,1.2476817585847535,0.35236479980336743,0
1.0304313628924702,-0.7083454149983487,-0.7009232336212514,-0.6174689066829013,0.6098437815923522,-0.6988383121868573,0.9187477090388744,-1.0850880887908994,0.5617493250650969,0.45223173702543956,1.145512928202371,0.4679978082561245,-1.052123602390868,0.6278441055897975,0.5013724844109381,1.3873470301152069,0.49692330114674116,0
1.4104365941308108,0.23068680054290347,0.18788879847176637,-0.15142592485507977,0.7481008085343149,0.24485687748398044,1.2445653400887793,-1.0094701848293548,1.9943404831887972,0.5505828633038461,1.5553692612631695,1.9866434421960408,-1.0678223058134206,1.405720564914138,0.08338396981176584,1.0053586966218842,1.340978012592545,0
1.2360078355146544,-0.8546622167377979,-0.8336327577630579,1.623873610089989,1.0085768331979337,-0.8316384360191297,0.7818742116345333,-1.0546247383994127,1.101828950155479,0.13916916307671096,0.08369295765790573,1.1272372550263436,-0.9841611140683242,1.7921315049163629,0.4523690162291238,0.4174065537667256,1.8313495944032305,0
1.2142602909990687,-1.680141745429061,-1.553135417579093,2.037301968905258,1.0654280187168113,-1.6436506717656711,0.7460097640492169,-1.1413591131122705,0.628644958892059,0.6518957949833364,0.6058770807601098,1.1810966774148624,-1.0799283857604134,0.8324969056116097,0.873549120032101,0.8549950670695083,1.5086867559254757,0
1.243781103646845,-0.6437630697572265,-0.6418510425957944,1.1265156203838598,0.24168788330751853,-0.6240250127340313,1.210868770750974,-1.1317116383401207,0.029520797013928193,1.5319459926393748,0.7584945128815835,1.4748120431075875,-1.0902301847905442,-0.05071270831008477,1.6960293602304766,0.8178798657426283,1.5825098822869417,0
-0.4258163198279071,-0.38120613763954725,-0.3985680377667799,0.14483615741596972,0.15890792695796965,-0.39198553060502866,1.0701422138028063,-1.1622696671043455,0.6155402416109229,2.1639304920226223,0.8961448397529326,1.9586933071184347,-1.131303797218078,0.3635162108249739,1.950138164210035,0.6450261116675882,1.6790805048709243,0
-1.2596831411529779,2.979024969114466,3.158231376582946,-3.9065011508116547,3.0810862234129828,2.9474252355960444,0.9668473134190504,-0.5797417887712043,0.7190295323754381,0.37804358400305393,0.6170462485588262,1.2762089717647491,-0.7398144880577979,0.674560808593908,0.2911026773759391,0.5725476590463616,1.2652713966836404,0
3.417672810446646,2.0491885360980304,2.0917182945087625,3.0810014388286247,1.7725624396842599,2.225510184269752,0.861946638294432,-1.0885939454137743,0.5782826803665068,-0.06162545425524195,0.2646921923478703,0.9452464636503591,-1.002314437937778,1.147027581553508,0.22839472018381335,0.7743579195195589,1.6902663747381892,0
-0.5571749818328878,-0.46463367827112895,-0.47641541068494614,0.8263172676429155,0.8785156054531971,-0.4701885330247009,1.1618383256549933,-1.048855885952875,0.5102659644553058,0.5251135291201682,1.4230085260169494,1.1914459540704605,-1.05574871222871,0.33206870753615175,0.3428325176692765,1.3363703640919595,1.012819024949654,0
0.1782385679374695,-0.011356354972389423,-0.047352177862512244,0.003577795890353324,0.45560052582550403,-0.03449097351492676,1.144556981426575,-1.029640033432178,1.5444021989424896,0.5749720061204231,1.2547974993493864,0.36869787476429117,-1.0373047359956489,1.5061297796002906,0.45309607951466063,1.2333090428665279,0.19977325490135814,0
-0.9891484632401824,-0.1253814177646477,-0.15669448919945858,-1.2618465269242807,0.9709074134815237,-0.11779443715751911,1.01311414773685,-0.9752438417329415,1.2129413518980838,0.12987369087425712,1.2065685062752933,-0.03392249785416475,-0.9807621031148439,1.3621070191840587,0.09092471682702259,1.4212529582418674,-0.11688112374195991,0
-1.4841991426665462,-1.3673957133910768,-1.2863790021821233,-0.2492541025077138,1.2078463396336232,-1.3022283609477265,0.742919468902377,-1.1711363246629956,2.069534021278284,0.7101651402494943,0.3125007649018162,0.4066057197051686,-1.093570578227237,2.8144963442879227,1.0586723366414053,0.5681571785633677,0.6402651445337678,0
-0.5146881010896107,-1.2492482364886164,-1.1837516155974614,1.7914723535721064,0.7531561074853231,-1.243721884671195,0.9882734471133746,-1.0179666752994656,0.09496188440053199,0.8245228556043089,0.5468468227242461,1.0598441670113579,-0.9860628401970225,0.19213907073906553,1.1358316357969154,0.8187823451940542,1.4059154337456417,0
0.23543102133811866,-0.44903465007157783,-0.4618982696023957,0.9044690094443372,0.6905395802726372,-0.4652608249577535,1.3064688586906257,-1.1427824506568414,-0.12607353884434616,0.24464011430023824,1.476024699337974,1.7299235047563701,-1.1091958044532249,-0.3119472519883186,0.07995685036734683,1.4684011528551055,1.6526345939170903,0
-1.1155890429505717,-2.0025092761897243,-1.8206438241458087,0.6318661485287409,1.2112255416808693,-1.9534421240206548,0.9500226417176753,-1.2654604505346239,-0.3285163056074137,0.5142642906413957,0.6897077279624699,0.9290736926212456,-1.1568987290593398,-0.23257513684872272,0.9568396061863116,1.2791771450592062,1.5158234115005385,0
-1.8482543331630392,0.03930122704410313,0.0015287624983587387,-0.8984395450017238,1.1936865924462503,0.10717879175008381,0.7922092551681515,-1.1293114543983167,0.13606065637295603,1.1142120536839724,0.8575734163787292,0.20500494036934244,-1.0675457048347532,0.2468639327172594,1.513960677728966,1.2399823626439739,0.32625173946883584,0
-2.171351366336578,1.8088885973545212,1.826334669266819,-0.5525148676129171,1.3624849195964528,1.8684086829676056,1.3221986840325433,-1.1741969994000034,0.900333042933984,1.2929832143853024,1.2344479964924175,1.1879643373174742,-1.133651021791243,0.7217913519611232,1.138967430460082,1.0979046663367864,0.9833473607643833,0
1.5079399537016942,0.23658322181607366,0.19367274198387935,1.1621373603372365,0.9047784923757498,0.25697526023797845,1.228563616328913,-0.9113601026876583,1.2146262200548015,0.735071060668612,0.8076688830994891,0.20114842842096298,-0.9343309732015942,1.3910139253886327,0.8328438272019485,0.9540925953917866,0.17468763176669652,0
0.48608931384524995,-0.03434937934198529,-0.06947714131169315,-1.6126178380842324,0.45631834337821864,-0.05364026690112735,1.0969466645346968,-0.8900652025635077,1.3457344766059725,0.00045072858868524715,1.1755030319984805,0.6486728546177826,-0.9442607702875594,1.337831841737643,-0.15530964450984536,1.1924391173216842,0.5391570194205321,0
0.3296536949317124,0.00019513461738809677,-0.036222265096305585,-2.1735558794252805,0.8971857704525581,-0.021975451387099883,1.1863121140942698,-1.1901584410512194,1.0118376894840708,0.33799482248821355,1.7076319997380323,2.019853639555811,-1.1547354160417025,0.6453862820652327,-0.016882004886633686,1.3388679016098495,1.5628199399962903,0
0.7510030711151057,-0.6816268149162377,-0.6765210948803375,-1.303594339419617,0.6332919072625512,-0.6839165452804302,1.0556548271435715,-1.1181144204483195,0.3931117825388629,0.45203293807249345,1.0340837389880164,0.7573742573943641,-1.070887651361542,0.4645118834813482,0.5405604055954205,1.3053097186528761,0.8859336167542349,0
0.8457151042103163,-0.5258508365972144,-0.5332155696074894,0.12612129430416497,1.115612790482321,-0.5272645217695033,1.150587761164616,-1.188469819663249,0.6009550602872022,0.7374046369876399,0.9198429866460426,1.7359921720986096,-1.1308430898875164,0.5661728939732691,0.7243281701738944,0.9605305235455391,1.8154979654188523,0
1.0960469080095678,-0.5916131858027279,-0.5939289267813073,0.5460716655112681,1.7421951092672185,-0.5808494664525462,1.296168133780326,-1.1519942398895477,0.0005416196197898286,0.26955722277274163,0.9638754274013068,1.5394194850496443,-1.0949928773761957,-0.013108867755776429,0.3121476945549794,1.2083774325886785,1.818443247617392,0
0.09633444437352491,-1.0971169751188123,-1.0501075073535135,-0.5144326120140975,0.5636063355884483,-1.1040429363471131,1.046412653697926,-1.0796987193527308,1.4262498899237988,0.8626807090707709,0.35532462561865713,1.7510229898587992,-1.0516372563042655,1.6091497428150727,0.9597746399654008,0.367312499543433,1.96243960482423,0
0.3371009972593026,0.10283505979815681,0.06309852090226015,0.6147842143494907,0.775861554172634,0.07919231136294441,1.0321125167268541,-0.9608881521783396,2.822472146631116,0.4410135167657035,0.700907181426752,0.9857145330930236,-0.9971727377505573,2.846522710117903,0.28568967995136707,0.5737861513693466,0.8402355053931597,0
3.7820616699876917,2.8418023777843797,2.9968782823698112,2.938553676274498,1.4203319541123312,3.045391631133144,0.7151771653897077,-0.7432750057531669,0.6466137532247596,0.8072917780413298,1.116357105596985,0.5032120979048396,-0.8600341655381291,0.5216138135454136,0.6964877906646567,1.059187074773835,0.3342300297305661,0
-1.016428141359739,-1.3890947529877669,-1.305117123759761,0.17375446276418233,2.6393115830358376,-1.3577326117848436,0.5114056400261272,-1.139741109017917,0.6944126727529153,-0.2974252529917446,0.34243054827545066,0.15944093673828272,-1.0245176030038554,1.5644736395713779,0.012434942635443353,1.1334357915093765,0.7489863856942726,0
-0.24319000747011535,-1.7584212339683767,-1.6187893342903132,-0.3696139985169792,1.3550943729636833,-1.7520772475924722,0.5316745665104595,-0.7056991890815192,0.43951303731520613,0.2508527034234422,0.7721680420719231,0.8045679523433393,-0.7953198686568307,0.4695598290437415,0.24648160970519892,0.9016559425711842,0.8774913017584021,0
-0.755251904438743,-1.6417330486657005,-1.520758411818617,-0.22754030266460826,0.11541659390505642,-1.6201236871910012,0.6900092047400056,-0.8595172036394729,1.3142464976309534,-0.19697524875868797,0.3197931101261479,0.44041639951687633,-0.8398473653632621,1.9781539463990039,-0.07694110721766523,0.6861260611771501,0.7899188982834819,0
-0.16814907051000633,-1.4566302612952167,-1.3632177232658134,-0.3603454668714491,0.3040945247836846,-1.4561734960308095,0.7363147620260208,-0.9165565913399272,0.8210070020447527,-0.15362884747457684,0.5824535241947871,1.319751930789086,-0.9203513378025968,1.051641933458885,-0.1618409446455271,0.802032892216103,1.6538407551966288,0
-0.5703537603424699,-0.5125011154572942,-0.5208523372486498,-1.663844571185286,0.3313819417916031,-0.5168506138362097,1.0520681326156285,-0.8809968063003764,0.8475928504059345,0.2445334168182301,1.6913193165338944,1.0278338708734283,-0.9752589781462573,0.539485397077041,-0.06912979943222596,1.4034625108023298,0.6715944988183776,0
-0.9507440251969952,0.2551636702511491,0.21191531636779973,-0.12041734784039905,0.2697636374640057,0.25423532007007676,1.2473654782878223,-1.0181520822452472,1.1000524218622685,0.6458742303481276,2.1708365868726984,0.7097930371873542,-1.0696251532221166,0.6240397507943009,0.19433386392492857,1.6383043591697397,0.21357291824542243,0
-1.3645229113385267,-0.07325994912281991,-0.1068310096495134,0.027069268216091406,0.6517842501957959,-0.043149628819014296,1.0962868323563515,-1.0597904479599007,-0.1820492783495834,0.7358629044555355,1.2321844317821233,0.8104390543831055,-1.0412279206240833,-0.2875361582659375,0.7788900497450103,1.409094530842905,0.8340824974278515,0
-1.9210896429179238,0.07147353889760492,0.032669767792803235,-2.9089722804668288,1.3596385403302653,0.14560534062085131,0.7926792740575485,-1.0257308541204289,0.4551567860484011,1.3320892369616335,0.36382669135454804,0.4654036703846088,-0.9823946400131405,0.7203334745147619,1.900259995816647,0.6515702891130003,0.7290288455496926,0
-2.5826020707619453,2.120452488928756,2.171229557542975,-1.0348310668443943,0.37842661217851764,2.2155054098190026,1.0782778031992095,-0.8402674890727345,1.8300455369237065,1.3296792238885868,1.0895353696156058,1.2291905810539336,-0.9607194699415718,1.4278597739799432,0.9476870856693158,0.7080550332909924,0.8019498264209286,0
1.374360091812368,-0.7067062092563531,-0.6994276413244752,-0.18795583206828015,0.474831993460017,-0.6777425218618044,1.03840806157892,-1.0945536212228324,0.22671032732130617,0.9193088337608384,1.389511403174198,0.7407782118936734,-1.0761286785183526,0.09218209900919255,0.8545981227369015,1.417024897861651,0.6229000949544331,0
0.9939334244277789,0.0634340243159529,0.024880901432857244,-0.08723971567774211,1.0443947051794722,0.05840819666509713,1.599807389250289,-1.248143565041222,-0.060203054906218356,1.2593523145404848,1.5389040519860282,2.6510108620099304,-1.1872096300969803,-0.3880030391785487,0.8760725790949065,1.1598882762552876,2.157679651045992,0
0.7872879376914853,0.8784616878572453,0.8384461558091664,-0.01289743510724155,0.49233602574331436,0.8525733206017441,1.630812452067839,-0.818193866232752,0.4307419502497015,1.346835695798683,0.7608647570131035,2.3527595484045345,-0.9316557276241233,0.16694271962887114,1.0946225385493344,0.4874938552636332,2.0566512664866754,0
0.09762322614055402,0.36086733101256346,0.3161751542062403,0.659707387824701,0.09022784316533845,0.33197451003450845,1.0656172740845882,-0.4360130223494334,0.9247889951329319,1.0201244765327144,1.2841925644140542,1.0454079135093088,-0.7525377619324579,0.49634177587756967,0.5783647802014233,0.8232223714001365,0.5567883750812098,0
1.0631977887833217,-0.39422730074042933,-0.4107516421971377,0.503677807817322,0.3295458137507533,-0.3884402854406452,1.0100166218737145,-0.5653260791871841,-0.27720730702350954,0.5309887222119252,0.781953370782649,-0.11729715753272014,-0.6617200755875245,-0.2971976489108342,0.7261798892071497,1.0953634799933836,-0.10587676158733267,0
1.1502902146407314,-1.4444518006782359,-1.3527651758937072,-0.4857501744785271,0.7339001400950368,-1.4159817655566795,0.8065664903553307,-0.7307909012553516,0.7532557210267429,0.07993410588258418,0.3247143726236511,0.9550097488122377,-0.7708035861013794,1.0503829852244955,0.19062665593407974,0.5411267180652629,1.2985538564230001,0
0.20998600428408007,-1.2034272559481707,-1.1436762131234504,-1.0619351973282316,0.9878360356078266,-1.2084260714565147,0.6302758330845676,-1.0510789170015,1.416123444184531,-0.02755739925736894,0.5173550952749602,0.12613549544948338,-0.9888012549996099,2.139779396775117,0.168542482628809,0.9879425492506174,0.37642905356465495,0
0.8396441294455329,-0.6836665546431664,-0.6783858251658703,-0.9842911184716766,0.3598308664569071,-0.6827568487945629,0.8285032261940516,-0.773909353589646,-0.1703567209375902,0.9008253284523631,1.1069880336769444,0.11844006634709146,-0.847506553105071,-0.2656965883164598,0.9892909324263217,1.2766514740520722,0.04877013072041595,0
-3.1674829486419136,2.3038913162091252,2.3775987662904514,-3.705757108992362,1.3861962138559465,2.4658262225620455,1.2585384049207489,-0.5853398336132072,-0.3078741732338339,0.32280472543739475,0.6904820751919247,1.448858490600797,-0.7240918224355011,-0.4322633197893988,0.29541598421713045,0.7497601445695065,1.5708400279626142,0
1.3871426007418581,0.23925777329454584,0.19629710944702353,0.2903189831631733,1.5218113737783043,0.2518277325695746,1.0242769569650823,-0.9928800508532468,0.5719039429914962,2.5047213929565606,2.272247884832683,0.1495646759007496,-1.0702175474938473,0.0359482861055361,1.7072594097490335,1.5159015892363552,-0.38545504333705427,0
1.1433742076405506,-0.23386204959510362,-0.2598412096537442,0.8099905614130626,1.725121367491942,-0.2267919567247302,0.9841593495597513,-1.080985481517923,0.33510484042522387,1.9832862793514117,1.4819895860222474,1.2628640297076759,-1.0931456005600715,0.0024161410902654888,1.604625549981232,1.124181203267308,0.8498460921972688,0
1.2170417876711117,-1.4055664119983784,-1.3193182686269127,-1.5873134283594983,1.1177807992565496,-1.3738447817017247,0.9707218312074738,-1.0453493237195564,0.37147579258339586,0.5518833604458969,0.5938784171430509,1.376106783006783,-1.0135693552007137,0.48765619131687626,0.719778135132954,0.808743572927404,1.7129831055600817,0
0.6705296399908258,0.18940586492394465,0.14746623148013724,-2.0977629538441187,1.137335537945609,0.1709242657291399,1.325222431435436,-1.133574713198115,2.16733034767747,1.4583865034729235,0.5908050761604133,1.7295551603871242,-1.1092854126717762,2.042157669422321,1.3115074755429017,0.3852986286014533,1.5441924500303978,0
1.6459837036255938,0.18147221861536345,0.1397117686595981,-1.4513038257181552,0.7092601309537556,0.212658787100973,0.9778087805281417,-0.9799382479622781,3.1210938538947324,0.5307661279608373,0.9822618166168915,1.4684711098313936,-1.0352986540837212,2.7173494749513565,0.19044689657054162,0.6287853764485258,1.0636311963323977,0
1.11420324283146,-0.1328510975686433,-0.16382436276958245,-1.7153332980556135,1.5087180401565612,-0.12898617261190667,0.8940107476528072,-0.9488500650167083,1.9602206332368124,1.1029257603090024,0.7174108411095257,1.4304640552872254,-0.9991645120307224,1.80971237391092,0.9222877653282515,0.5133435416970537,1.2187835878947217,0
1.5403884257699747,-0.9307219494256089,-0.902003190300256,-2.3772405578387974,2.748817966008838,-0.8858500998047696,0.9346062334540788,-1.0286584516785395,0.23458932677184377,0.5590368431159662,1.0282913928595678,1.7752377840239921,-1.0327572074936406,0.11199882759820513,0.4684384783195995,1.0190622704196777,1.7743930880324095,0
0.7382647820717261,-1.8715297538887492,-1.7128665669554966,0.007392032099798896,1.0992604242933395,-1.855218225120569,0.7738981216725982,-1.280567018476862,0.6225773630764093,0.813244630465732,0.6632021265171542,0.3452595030408128,-1.1721115829689468,1.0177170325112168,1.2984089362206417,1.157759424901997,0.6435549149708704,0
2.3299662006819823,1.0006794574284241,0.9646153647592207,1.9959227620638214,1.803858162780629,1.074440004890913,0.7105163719466323,-0.7463484714497984,0.49107304925677914,1.063212264589311,0.4323063011194584,1.0212423842738032,-0.8216824847392065,0.5362407246270837,1.2262057221022724,0.4857013509353488,1.139977244140286,0
-1.156670833481112,-0.936034430792902,-0.9067628636921614,0.42424003419034284,1.4580185565190635,-0.9040395271383109,0.8354473055151582,-0.9604561398747982,-0.26163889464057277,1.1457257836296355,0.34491599829161323,1.0894325215149752,-0.9339745811626312,-0.22331159596058808,1.6423083266507679,0.6178984539341508,1.5346679047352876,0
0.18720239714046852,-2.011947105767182,-1.8283615444956447,0.9163545174489317,0.7246010999973895,-2.0048703890746364,0.6844293897957443,-1.0307435887647771,0.5222731973160751,-0.3708068740878145,0.20495928163567287,0.7851596944763368,-0.9376240064868296,1.1931567741006608,-0.15897388050061964,0.8071046213922077,1.6127924151529618,0
0.16411029514414116,-2.057877254540966,-1.8658280146538964,-0.32877329766855595,0.40333930171393506,-2.0502087989061515,0.553638466809305,-0.964817184250271,1.4796927063117855,-0.29491956759359833,0.3258254767395775,0.3829269078364149,-0.913018845497333,2.304272730745559,-0.1739247218938398,0.7638336331001371,0.7771939960847688,0
-0.430620773421085,-1.3651730102268764,-1.2844576595030754,1.1057039847192034,1.5224912340242645,-1.360415386831031,0.3274963500664625,-0.7803530181876032,2.242100414555333,0.2737549498705805,0.063676397972737,0.06269423563359336,-0.7898340444139899,3.125026650021474,0.5201135559948762,0.2645829828295335,0.22878103523900506,0
-0.7502919859636905,-1.2881685231446325,-1.2176715280562507,0.7168584665507686,1.5182276280666727,-1.272714729198073,0.6134891098619836,-0.8980727524764847,1.1932456033845538,0.3254901968782532,0.8027227057595621,0.18747929577524244,-0.9143552954145955,1.45439576166139,0.40172248559328005,1.0335634184375377,0.2156303907383114,0
0.6371798879118136,-1.968777595185234,-1.7930069535174042,-0.19940411062006608,0.7407686543029262,-1.9543025061816364,0.6036056217984527,-1.2309970364208869,0.12305763051405165,1.5153430325843635,0.5435314444488409,0.5356668620257264,-1.136833459299446,0.2992418949752455,2.1734088796220545,0.9217776508189565,0.8404565999365637,0
-1.8822273509947351,-0.5880090991409349,-0.5906097054634604,-0.35258669338463194,1.0626233853085483,-0.5027754138537339,0.6329756809161187,-1.0059650121517034,1.1013368085947763,0.7502963022015238,0.863817331555835,0.24883393694555347,-0.9960023553886865,1.2860840157340436,0.8766742122750681,1.0538811720016719,0.25086550863361834,0
-2.2248387884205303,3.99147023202492,4.391095252016765,-4.885298581855139,4.416069341658295,4.008804586069203,0.919905128233595,-0.39190516529934205,2.1323078889388998,0.2727360038052929,1.0800760255848476,0.3232464131304437,-0.6958283607824358,1.80983569979478,-0.03885903066406226,0.7707077996288411,-0.01837275511352415,0
4.35012851615005,4.377655293447125,4.881022672745072,3.96415546984614,1.9718551015353412,4.616138104951939,0.5605152532305342,-0.2721167245039687,-0.16811754643661225,0.23402447015063285,-0.1279471152049846,0.2243382355451869,-0.33086530292438354,0.03829074173588943,0.6301656062979558,0.1412580151174268,0.6108043259919225,0
-1.9616135289774546,-0.7696835226663798,-0.756746761345933,2.073516614446003,2.409283275078298,-0.6720311201662537,0.9686220429775342,-0.9696433753544303,0.5897200071324298,0.5145068785960742,0.6858448594144576,1.6141128813387404,-0.9798009326409736,0.6125818074336571,0.5279706565053467,0.7532839555001271,1.7733857684798269,0
-0.6095669901509693,-1.4553741191773524,-1.362140099281857,0.211855328296048,1.211813556809035,-1.443127522222315,0.8666725259143574,-1.100338426637316,-0.025311014104765085,-0.13230275061807892,0.49320884863820613,1.5643730541977925,-1.0287915907235037,0.15860317418107156,0.01651249332558403,0.9423057939308321,2.325056979359601,0
-0.7580169998288098,-1.7740219077797987,-1.631820474323359,-2.172902894950319,2.098873310062489,-1.75005211986927,0.3249187900522837,-1.0821408903147556,0.4935547594677007,0.26311238451457986,0.3885150403268584,0.041792054059242315,-0.9880686529379596,1.1030198148826307,0.7795112713745813,1.0513577379891856,0.4462351307778049,0
-0.9768183168409049,-1.5870966688836912,-1.4745170164641195,-2.3726866500738266,1.8075215495266432,-1.554576271511235,0.5295114941376928,-1.1422112330127205,0.7816963728556342,0.645908813730852,1.0361179308499882,0.2759201098839081,-1.0866403176474693,0.9470363433909984,0.791292502498362,1.3250763632399625,0.3175477825204906,0
-1.4619573809478417,-1.2868210371557485,-1.2164990068721155,-2.3584778909552364,1.6928935561058918,-1.225202600883622,0.8185507461841937,-1.0721597030206853,-0.0467470058491295,0.6263686801831876,0.6896877956190918,0.7826990428071475,-1.0186727798101447,0.05579682466281592,0.9501728197138457,1.0905518606021969,1.1319830455139377,0
-1.1792158556201708,-1.0379079338764108,-0.9976379997809629,-0.8080589233817782,1.6500034454174033,-1.0025271216291713,0.8474064318891276,-1.1381187626529305,0.438163301512581,0.8565959431946312,1.01939155498402,0.8504981390814899,-1.0910115933207267,0.4549847165779551,0.954221442605974,1.189368479617734,0.914431593351738,0
-1.076292482798497,-1.1059730578401648,-1.057933588990462,0.30334492456128764,1.1497323921499765,-1.0760251677995687,0.9959539691020513,-0.9935652166068131,0.5524484493797949,-0.4599842942672404,0.6195921306933095,0.7913567078167967,-0.944690781672675,0.9459809032395734,-0.43818890770253677,1.1231137325951093,1.2721151788446912,0
-1.085638429645354,-0.9047684701411,-0.8787208413377643,-0.6015703292606986,1.630796004858704,-0.8778738217802683,0.9341336488979319,-1.1401492048220487,0.9811278101272206,0.9083226330939159,1.135597386622787,1.1552646377761957,-1.1070133362871655,0.8895001161711944,0.8142642089016799,1.0896924339877914,1.0432670202975847,0
3.106322223904135,3.0236434982310763,3.2109914596847466,3.4731413559312765,0.7135216693557549,3.1330460760612877,0.7625655825821325,-0.5763004724932931,1.3821204105281304,1.6895035606225226,0.8612642041230137,0.00874684893360418,-0.778625964292059,1.1913933438439313,1.520852962024193,0.6548743746518834,-0.26300017892859984,0
-0.4094092839785772,-0.7189888592272063,-0.7106294287081433,-0.4163741606892965,-0.2513200074522351,-0.7249295534673497,0.6616132654599375,-0.8065445316136829,0.8367082271045354,2.613060955638624,0.631748889106077,0.09521564081300356,-0.8967327840712522,0.7430033934230562,2.705276607672436,0.524281849290967,-0.09282858512818955,0
-0.43716913916981437,-0.6053562950862453,-0.6065771066689855,-2.0583287038383467,0.46847979531565237,-0.6123275541325848,0.7818805319953106,-0.7379130121247174,0.39701890844231946,1.7301816653404807,1.3351916221942113,0.1857824154562943,-0.8834828203499782,0.1388788717822196,1.49786391925165,1.1090881169378246,-0.11448476544266688,0
-0.49477696114316483,-0.921616209126344,-0.8938401979275233,-1.5720569363348973,0.6442451481894561,-0.9219265532134947,0.7595816952428213,-1.1237466968111942,0.5691827606712183,1.8849557693309422,1.3288222642252083,0.11648799934702361,-1.0982868178782221,0.4276224231165253,1.8584730546117554,1.2845325210052994,-0.09015127175432221,0
0.11214614205597012,-0.7866798668316751,-0.772166578732258,0.07826847251109713,0.2054243145724659,-0.7982793645186824,0.8927863256896258,-1.055911424699477,0.7747547925278583,1.3523257008762357,0.8717243992269388,0.44042298821410003,-1.0377512149525878,0.8261090471044262,1.5132721061902803,0.9796651643688858,0.4157398477406489,0
0.225947252652073,-1.2943021057052693,-1.223007022658039,-0.39534794090145403,0.5602777452498804,-1.2978273270326548,0.7139278306946513,-1.1011394573377327,0.8174329582908254,0.6532994377368083,0.9854713341336401,0.22708552131176238,-1.0571024910090334,0.9984483890910332,0.8081041986018195,1.2700562911143487,0.26471734504472066,0
-1.3135731285143906,-1.97547993248318,-1.798504874776539,-1.4996175075634837,0.7293666121374661,-1.9120727611656059,0.5383946962920944,-1.1687475858041034,-0.032097307024267094,0.9671345388247915,0.3413579227997822,0.7732882112165554,-1.0755183947938067,0.2106106590480704,1.6542076682125981,0.8166090578153243,1.3551898191054008,0
0.07247104977879679,-0.3549776264322399,-0.37398913682863266,0.2707562647060948,0.7054813716412913,-0.3730666308254741,1.0642089523747862,-1.026868644494511,1.917385511691394,0.5431559244828026,0.6613620036058762,0.7550337650509821,-1.0172411193526556,2.165092996732132,0.5693784914802366,0.7323501361445253,0.7890489834267976,0
-0.968837174383252,0.4252384179069963,0.380065603138579,0.48636293897346117,0.2580989918708437,0.4223239295299209,1.1137591527188744,-1.162653325945915,1.4930870361796524,1.0309977519972915,0.958833152343556,0.6321815356851088,-1.1142883807477042,1.5674536510390304,1.0562097212997963,1.0021792334052964,0.5703398656457446,0
2.9104181486522256,2.3376971274652814,2.4158978037231997,1.0906641034542968,0.858341614928291,2.441851090134318,1.1195014204799854,-0.6067469858663659,0.7420527936254391,0.40018400601328447,0.7134973541135862,0.5349131779423316,-0.7367731314958655,0.7879883248529066,0.3922558573655007,0.7857363807458695,0.5247109971029085,0
-0.2509525196524034,0.3311410154703909,0.28677264132038893,0.035049161575733415,2.45577452331465,0.3056216150135113,0.9365400798047147,-0.9468274029362743,0.6088520884362939,0.762508456716632,1.545197179722735,-0.20436919416131175,-0.9834030615089,0.5053279191778404,0.6748505466005206,1.5886266743035597,-0.41096235530567105,0
-0.9704718254697036,0.33503818609274594,0.290623695774714,-0.8426538129211533,1.6276968723045577,0.33374440728226634,1.25741239386444,-1.0760409555458688,1.1109837724667622,1.8687512458414424,1.5707818310211128,0.6258281707670178,-1.0916572012016657,0.7366442202588394,1.471843770167708,1.1945617460795712,0.22379439802475626,0
-1.7303901758654878,-0.6255373048070791,-0.6251253446593571,1.418851830070098,0.3664417884538105,-0.554146279004208,1.147503073469063,-0.8387791482469708,0.6812450749260828,0.11258882134604924,1.0311580113437486,0.6918271230563325,-0.8944355730274733,0.7049224868251105,0.04435496466614923,1.157683580022611,0.6925803991329567,0
-0.8791540597833643,-0.8128018052322572,-0.7958245190896783,1.0536801428199054,0.923450597943659,-0.7991436731130749,1.001898100041882,-0.9762210049458853,-0.18495336884417163,1.1129745545054182,1.1007742555395312,0.9609968759797024,-0.9934497625166347,-0.324973929716278,1.1445292103355629,1.1650600124674366,0.9343135782561197,0
-1.0762320554130822,-0.35756946602151213,-0.37642019641169094,0.35021110186020743,0.6175811888517845,-0.34102991436732505,1.1379206795885362,-1.1939759240246994,1.779699161358363,1.615731861695451,1.01373689357833,0.8799471998357985,-1.1456173570663748,1.6403746624746514,1.4811389343578585,0.8540267646657091,0.6622279761890721,0
0.013463017757098784,-0.1867284294667709,-0.21513039510541357,0.08694604709075103,0.5770824836248133,-0.20718678994029452,1.20800334880888,-1.153557245709587,1.2689379040896576,0.9929652766618754,0.7914609764354305,1.2864730594407991,-1.108587757287942,1.3113718220626787,1.009363831417717,0.7997233348269062,1.301116668753843,0
-0.9880134424688485,-0.9714128181273013,-0.9384074193550681,0.05873685688909136,0.9135392827135324,-0.9491380357284276,0.9677270703921326,-1.206604001436759,0.8972022709507868,0.08585370188620707,1.0777296107729923,0.07239374690952532,-1.1229243636771669,1.2405323781672501,0.2021094754429781,1.5669647960101623,0.1752994610911029,0
-0.5753663572636082,-1.306975888933752,-1.2340230429453156,0.16124572380472776,0.2412278867985044,-1.2984158092863207,0.7058556597320192,-1.2267643118448015,-0.1919798497783111,0.5984394149179615,0.4711914423760531,1.536110480474008,-1.13003401127407,-0.08296296445392828,1.0040845325449959,0.8842400974990524,2.2487917562697355,0
-2.2626652890361276,1.0946424942024,1.0623559370958886,-0.20649439375579123,0.4117413001777018,1.1798211408119839,1.1525152134629837,-1.2289928960714094,0.060105837428588,0.8892805626893161,1.5297908178265767,0.898944664677166,-1.1613105557550196,-0.09175710826274718,0.8184450601253334,1.5751849938192377,0.7925375696064717,0
0.7479138189187234,-0.7007613523467537,-0.6940019812639293,1.822944225965683,1.1748302729763933,-0.7028494232905743,0.8735648046994245,-1.262950597325795,1.3985472837866522,1.7209458098139092,0.8043932359406298,1.0475794337210316,-1.1817304591912456,1.4004106936475411,1.7754996616039858,0.7643965225963718,0.9814031166745109,0
0.6964574164162443,-1.040172320605225,-0.9996493351452347,1.8073862316409348,1.6712548557851132,-1.0385395761809266,0.6451118423316067,-1.1988558808042378,0.0582370696055706,2.531562100504558,1.0169017797004396,0.7880030502877107,-1.1430754296640167,-0.10207173802664565,2.616961701919795,0.9671701428704393,0.6582048502006865,0
1.0387981698864788,0.17468634244176814,0.13308279012722404,1.22519069098631,0.6000369490003867,0.16979985209210077,1.1045468304154062,-0.8554369350776608,-0.05645629900047626,1.5722653967606064,1.568886979260318,1.1320971586946034,-0.9682351162545505,-0.37960476731302323,1.192246711741647,1.2027509565900674,0.7159992619688099,0
1.072810698920302,0.20908459557035705,0.16672029735476257,0.9909225371618422,0.6648839356123328,0.20518406074596254,1.0342329463452788,-0.5160021688223827,0.23415760246622247,0.7879972658311837,1.2134488761811921,0.5725227792764679,-0.7422104841872221,0.007549732221251326,0.5774617722332933,1.0411064459496902,0.3187409519749006,0
-0.3976821494142617,-1.2479245842251399,-1.1825960830892164,0.891077502128832,1.070773576890629,-1.2459190305022227,0.6968724228671396,-0.8598835673545041,0.004388381278979503,-0.13867727261399154,0.9564260495917298,0.10785431152367041,-0.8574907946849726,0.1262884099294027,-0.060673282405777136,1.4656973766770443,0.2581324729405677,0
1.242941343811646,-0.6347862588332338,-0.6336160888542851,1.0525306910987704,1.1861916777121615,-0.6152563007677659,0.8620582712186721,-1.1205477229015144,0.8487070752353774,1.719378016744806,1.051159517914864,0.26938343777283474,-1.0889726939010902,0.8162146754589725,1.8066787659176853,1.0803041813060272,0.14302112538762038,0
-0.7157059428640249,0.012545159354896484,-0.024312212316763265,1.3170647482411375,1.2486751550235942,0.005088676269912587,0.8942402656292661,-1.1097601865028266,0.4673459998741181,0.6918285522610167,1.470191966193186,0.4256336231372924,-1.083411340478706,0.3778814916785322,0.6281272806120098,1.5498768951524402,0.302654986128603,0
-0.25065524621941426,0.9547838515256514,0.9171083616652967,-0.5552536628135654,0.37182529576456647,0.9197350845033303,0.46247325497542996,-0.6428698846342722,0.10145589367313992,0.3231577620937359,0.30496622218855435,-0.17127503136532748,-0.6407308920367764,0.41476203057757766,0.7483949262475252,0.7829942876658703,0.03803190565163872,0
3.8151793601659763,1.9796791400223823,2.014520919359173,4.441181126564906,2.9309129160293477,2.2163676796151592,0.8486374690585136,-1.0320879670856538,0.21100947522416613,-0.28300806394318756,0.5594446843874534,0.6937246523172149,-0.9617227807796077,0.5681245445974027,-0.13047389415751018,1.1619713798695155,1.2625424317131437,0
-1.439722473500126,-0.13313170074708053,-0.16409212173143412,0.7472740250787318,0.24840674888910041,-0.09634110125759873,1.3939632246666784,-1.18817791146685,0.8943491910869551,0.26025580847764884,1.161600764724708,2.3670413356598985,-1.1419921412656429,0.7172249100043446,0.04421959136898885,1.0196579290204761,2.2144664113574986,0
-0.97054094151142,-0.870726530029356,-0.8481081323082041,-0.5751212065556944,0.24712208830479562,-0.851202917058778,1.2696756089952084,-1.266643103017937,-0.15015421212079347,0.15664575613105894,1.0454281716556797,1.2558229913176964,-1.1694018018574222,-0.12765147829181667,0.2630054307015704,1.4681021693784322,1.6344621342745564,0
-0.5936550367056612,-1.0904443435965734,-1.0442071592624154,-0.8376293229096542,0.49064790866400054,-1.0847017665739078,1.0754785543876946,-1.2048547508211027,0.09738722395852151,-0.2903848109848255,1.276993498951698,0.5005621116540604,-1.121923868149492,0.2105319363418764,-0.29087385970402313,1.830358717307501,0.7187644134556865,0
-0.5185415227547016,-0.9962964522461248,-0.9606102383494948,-0.24799604496620797,0.28318520690133564,-0.994665836997099,0.8012851708713695,-0.8285829057319728,1.8874389612977378,0.16996996062810532,0.4045964423796913,-0.04518114423591414,-0.8393379706524474,2.5393241849325507,0.3250263052308711,0.6715542971295849,0.03669189101523585,0
-0.7440235595740411,-0.988361035579481,-0.9535346332714226,0.5452469373704928,1.47126138155896,-0.9781801925559653,0.594235910377415,-1.1528190302664578,0.27689072547157306,0.26152811043722307,1.2438504698290214,0.14125637356175988,-1.0888915681332796,0.3858382330332055,0.3707653267569885,1.6854307647510531,0.20560711168245557,0
-0.6439665308541831,-0.12779022447178656,-0.15899415977009476,1.3571920284792987,1.3694794245447295,-0.13570989972317668,0.8809225751833055,-0.6556264051975453,1.2633368069409194,0.8775466358987372,1.4155110975842942,0.7613988497622611,-0.8604474899755582,0.8712549459112415,0.495827307898281,1.0234290852870036,0.34362324706551345,0
-0.880878540003466,-0.3404712596605377,-0.360373614897859,0.4573824525107848,0.642528678549343,-0.3347541193625913,0.8908895248872567,-1.044499903990627,1.5255591204643084,1.1235579257277994,0.5075678916417037,0.57682383099086,-1.020864308079466,1.8142392564704186,1.3484618487155828,0.621276802545736,0.6564728662141113,0
-1.1832414411530228,0.2899794629122841,0.2461656932463575,-1.7670068790696054,1.4663139413697446,0.30137135011902455,0.9279448496858185,-0.8961721583248914,0.6161465384487644,0.505056298648756,0.8297008254302923,0.15913150303731272,-0.9062986259128689,0.7939529624227556,0.66457265536258,1.1214525416557413,0.21565623844967916,0
-1.9171987457992956,0.3878823270403113,0.34295169363719497,-2.0690087101699124,1.3635546586825726,0.4546026932003587,0.7409493727262441,-0.7540239521650631,0.3501752684391901,0.21489507284493284,0.5078655045585614,0.9246221768465347,-0.7970355171246586,0.49592052542657367,0.3297058694152424,0.7404626809318153,1.2056014878030183,0
1.3142218643659678,-1.0350464103140111,-0.9950957251814476,-1.0820997844634828,0.6392770034259602,-1.0039613556894929,0.7388110100309743,-0.9397329086433304,1.0451731349333984,0.2685319031853393,0.11906750989056215,0.8972599144579991,-0.8999519761707296,1.6370486336559276,0.5842642168837306,0.4156490674984177,1.4348035951394282,0
0.8756663012230337,-0.554557943944604,-0.5597573819930143,-0.2341458782619892,0.3012547282513688,-0.5543486526653362,0.6577423155558441,-0.3930609848962343,1.0189184121055594,0.5879785305094823,0.6514197608851159,-0.0904051986655746,-0.602686927715256,1.0736721173605646,0.5835278377340268,0.6756014362726096,-0.2178775481404598,0
0.8118642064329251,-0.34108605901292977,-0.36095097001026955,0.5513984732620585,0.5871558635314857,-0.3467194535217204,0.647162436823505,-0.3871511525999407,1.692307193138813,0.2098503484955198,1.0176457560352106,-0.1652168525036847,-0.6508977658951898,1.5852041587757504,0.008296812054437209,0.8901690711448199,-0.4112606008717117,0
-0.06788796941789468,-0.6151354140716191,-0.6155687365921202,0.2676282901412778,0.6934803138827365,-0.6286046598520477,0.6203799732242509,-0.9872439849146203,1.6362797330425936,1.337363802128119,0.6665131944157008,0.5863057131496026,-1.0006921880606794,1.7214198249622488,1.399861948835706,0.6488440318274478,0.5138462969035251,0
0.7568042212497182,-0.8793197584247427,-0.8558436801977397,0.3512476824602713,0.46063148471429044,-0.8782587699279663,0.5923848330797914,-0.962969517146905,1.5953282644274123,0.8059641126563032,0.30414464895334403,0.10987515940331957,-0.9360153438496478,2.202138038614505,1.1901973608907943,0.5606365743415846,0.2577157407578942,0
1.9228624776064618,-1.0255349404355765,-0.9866411277337724,1.8037181953686539,0.7501743432338559,-0.9460182195470123,0.7493020396256556,-0.986264278208686,0.8479307840963316,1.7578263509918957,0.31448569416296873,-0.2725633817801681,-0.9503772991992679,1.2528919030404617,2.4930087628631967,0.59884619082077,-0.22583562533907356,0
-1.037376027715692,-0.37144335962655645,-0.38942513079945756,0.30363200582931293,1.3520846683996248,-0.3569062732025153,0.9069031875545399,-0.9568068850728698,0.19297331507228357,2.1907097482976443,0.9074133252639514,0.4069748968566645,-0.9862830010629243,0.07008749757919264,2.302982455277566,0.8851099679521075,0.27702664467794225,0
-0.3145531397196584,2.266023996614388,2.33479721417503,-1.2338047288773608,1.1253652183176555,2.2120004274021734,0.947703569161564,-0.47177294475519116,0.025043220335798384,-0.6682492214251159,0.8957364255926176,0.8724193106058741,-0.6305151835874044,-0.005396695295628111,-0.8459916950501891,1.0803171492033141,0.9799579745645202,0
2.9653303437359892,1.9700647438715089,2.003870836176644,1.5513569417114679,0.8267561000315812,2.0901919867248333,1.0517353113622554,-0.9056463344703947,0.3544793203919561,0.7398828257134248,1.312494039037283,1.2267955844666814,-0.9728317938509728,0.14349692773379902,0.5418919202095515,1.169964562026488,1.0111807801985504,0
-0.4693526641164745,-0.6322342665196952,-0.6312739257869342,-0.483133212812309,0.9932472707184804,-0.6378740064496032,1.2527685258676737,-1.1410756094244892,0.0009152176116348246,0.04205318607562214,0.4789038225954072,1.3737688342024221,-1.0576672687036213,0.21998442109298785,0.2858821158821861,0.9624812197132011,2.1209004382811147,0
-0.8511832351237614,-1.1915776809070528,-1.133287596555752,-0.7844654117784062,0.2956951359115763,-1.172875676222847,1.2706348126281954,-1.2693304862039363,-0.12896986019791212,0.26554729530964494,0.9762215002159143,1.159549790517326,-1.1696854989762875,-0.07941351476805954,0.43276374210226287,1.4235965631113212,1.560773415419188,0
-0.6969620462056048,-1.804255500212858,-1.6570239397651443,-1.2867962565344353,0.16873249437897328,-1.782622306206836,0.9246956571070271,-1.2230790502576843,-0.5312477637418112,0.6243811890332015,0.9666014082174759,0.6044667435214209,-1.1298240799729022,-0.5588573554587388,0.9944669457049626,1.5330248829317101,0.9475406072732169,0
-0.16865355111509223,-0.3728158890984236,-0.3907109331351519,1.2336641725287825,0.7751336787017983,-0.38884722968843666,1.0778176786746232,-1.2474613999015696,0.07210084537991662,3.5043014586288734,0.5856793977493839,1.256046051727972,-1.1741004806464834,-0.09341487717216633,3.6673201703350053,0.4621006951821571,1.1526517113433188,0
-1.0370712783713574,0.6267649605051626,0.5820384773468766,1.4597638632992775,0.7751571963269359,0.623919171670472,1.473220029792327,-1.2012789445273073,0.5074124542986319,3.484092338102436,1.960184903472436,1.8574688904415555,-1.1806116342522852,-0.11161223707364326,2.312858456277334,1.0466901716621053,0.9130695010566947,0
-0.31265486874378634,-0.3028265738341635,-0.324969231033342,-0.17209351420917515,0.8859911735321085,-0.3174763298723921,1.357931040749776,-1.083957500634068,-0.47176036974799007,0.2828059038599749,1.9284156619077704,1.0311864410017277,-1.0792949387357624,-0.7127460611638841,0.06551066355734954,1.86071209931038,0.8179722742373098,0
-0.960460586862769,-0.030003882430375554,-0.06529865137358139,-0.6256455270787069,1.0558137499120963,-0.02556736104914952,1.1027400934431055,-0.9666289742653384,0.45028701636242563,0.7608738270627751,0.8324112001813425,0.9114217600238876,-0.9736775398033295,0.4777475961198373,0.8509579760911583,0.9702917876511439,0.9969275231671128,0
-1.1339497648607029,0.34126598401541364,0.29678009455052107,0.47439185799723366,1.326368639054741,0.3487971481175032,1.0974871966916677,-0.9619280168074211,1.996456526140162,0.12020046064521007,0.8944993319889252,1.5270525050525188,-1.0006535191793844,1.9253004677777854,-0.07957627424354587,0.7668387214468186,1.3883829368218996,0
2.934347223804926,1.733917813241307,1.7443986655466104,1.1742950779619736,1.1662283545581893,1.8565412685253664,0.9510805896451278,-1.077496670536344,0.7464072052703788,0.8213997075745161,1.2673941472613965,0.46091542531344554,-1.0611924218577773,0.7026237881060832,0.7908380579797318,1.3353691889808226,0.35616328535108815,0
-0.986169823596908,-1.0040158333131801,-0.9674888155129241,1.204588967663349,1.039063256726838,-0.9812726337163967,0.8881602453918546,-1.3417220702935784,1.178148262727597,0.8227314476812415,0.6195097499186085,0.507303811010658,-1.221629658285272,1.6814104756431276,1.2340022619071314,1.0174354328382271,0.7941319709687773,0
-0.846652711910663,-1.3490500216426553,-1.2705099023392143,0.46853597264410407,1.3703526576562748,-1.327888380986174,0.866705598992172,-1.180823488330475,0.1828451221712429,0.6425826911114484,0.47545769663742005,0.5963481371258256,-1.0857777731482494,0.5103801459304023,1.1827976053584008,1.0111337367655744,1.1003702792901073,0
-0.6616610037550791,0.032583131271847844,-0.004964466974084254,-1.5252926439450083,0.7559465502152363,0.02272994631333769,1.2349555801787935,-0.809851315131322,0.5054516414532734,1.045859877543647,1.784084546933445,1.1271009786450497,-0.9562886210461939,0.0936888008386838,0.5865744849427015,1.2920999058698692,0.6157301664571224,0
-0.4896419275199172,-0.11870175123980926,-0.1503152488448049,0.01607785593847432,0.7134267889813101,-0.1318250308933526,1.392029296609293,-1.130560442699513,-0.17484370731606252,0.3853373614677738,1.127196448548383,1.4082647002988906,-1.0854872870086172,-0.25964680972996623,0.39839342916749687,1.3291720890633103,1.5717778327158207,0
-0.5263677167839762,-0.8612091689453768,-0.8395344125069211,2.327235274590118,0.5194347802274908,-0.8614699610243662,1.2324339353327645,-1.1566924515655859,0.2029528054798475,1.1242784423512382,0.7622014468377492,1.3889096877917537,-1.1015118733787026,0.19954107547528688,1.3054275889744766,0.9027911024210088,1.5795056244886683,0
-0.6347182902933574,-0.8423571310393713,-0.8225320710950276,1.400614191230671,0.3925423834680316,-0.839082571984646,1.0723013933626384,-1.2649146401967963,1.3802395633889077,0.3459417456271524,0.5312571264168263,0.9728319640796222,-1.1647535873062813,1.9022204618651124,0.5677695926162073,0.8590035291471056,1.3646348469439964,0
0.2385599945021777,-1.2593825268908492,-1.1925945013448842,0.11792982434803483,0.4180115652035294,-1.2633450767876795,1.0722983385723421,-1.2354608620801117,0.46042183865518627,-0.06276559570365328,0.8518634159399736,1.4821711449073003,-1.147175354683854,0.6348724762875213,-0.024805206757291802,1.1978165045822122,1.9051612313096336,0
-0.46444537018833887,1.004328237562765,0.9683988359001274,-1.3983584859976939,2.0959637338677153,0.9729531105173321,1.3322616591790033,-0.7558572611946816,0.3986742050835482,0.7005699774826882,0.8690203716228134,1.6986994047328505,-0.8736330278553189,0.22914279531936277,0.5489247373486528,0.7408268575145915,1.5734509477450112,0
1.458336009185974,0.2792044692549548,0.2355562560287053,2.4148405557720203,1.5065625977071304,0.29553960364132326,0.9531625591662292,-1.080022061618133,0.01159117490631505,0.7244586137475985,0.7023298173136439,1.269577499195276,-1.0379280006775324,0.04538172377596616,0.9410981293037438,0.9553917417877658,1.5874796977285495,0
0.3811078986310515,-1.032189878814781,-0.9925572909805116,-1.5511066721726836,0.6343102803297344,-1.038001663394952,0.8106803563205155,-1.1836546663436252,1.5169587439659764,0.5038901938189702,0.7130584094829487,1.1865796420122938,-1.1202221762876543,1.749306339652186,0.5563452304680314,0.8370724260404079,1.3359876080834445,0
0.32520524964987296,-0.5525179168048971,-0.5578732090435115,-1.5897935121848126,0.9038658769130493,-0.5663564725758186,0.8444353826118002,-1.1241104373876063,-0.14239160401595694,0.27022031418153614,1.032026063358163,0.06374236740350374,-1.0513676792326625,-0.026254605937695935,0.5387894194276727,1.6611367811409479,0.2513843308214544,0
-0.3856197841657814,-0.16163656975135204,-0.19126234472155013,-0.8126402812890355,0.7489695822044621,-0.17684303362650491,1.0536664245743215,-0.8563818618325653,0.872685558670967,0.14445063307983655,1.3955744264569314,0.047470435865133664,-0.9192227021582242,0.839905509349404,0.022154048359579227,1.4813935905382387,-0.10553442528672957,0
-0.6538709040854622,-0.10403851966648572,-0.1363001192073481,-0.5899891307632956,0.17516694278403178,-0.11197657071577494,1.392533453516902,-0.9181750033798534,-0.11741053579860589,-0.22802647276921947,0.9326418079871054,2.067329986365616,-0.9465112739167981,-0.21229829436911643,-0.35115960635884885,1.0449919607280602,2.282863920387903,0
-0.9924542647847924,-0.46120265703112134,-0.4732238716405955,0.4414561591215234,0.5472152116006588,-0.44760977724738904,1.424028640761855,-1.1673728467838353,0.16496184390869112,0.6783542190370171,1.2670132712282074,0.8488731303297824,-1.1136981938660655,0.10716951307556541,0.7028777342494751,1.4394793154306396,0.8688820461842945,0
0.4117069963913155,-0.3810704829051586,-0.3984410437505153,0.06243276092669381,0.5302259230767006,-0.3963426663403884,1.2729302426802662,-1.2693142856677035,0.12021957639203686,0.48527530060674295,0.9805742549517015,2.015872827092825,-1.1806921437890752,0.06867277642595111,0.4942549715142429,1.1152125355038847,2.23910793477048,0
-0.6096890235868871,-0.9180699256543902,-0.8906594394660532,-0.2762169235369438,0.5124414849138347,-0.9145142331619827,1.0368872175188157,-1.2811781533015163,0.6987748568416735,0.7333084955672,1.0301799898853126,1.2655316959146707,-1.1888004582697584,0.7362264998502425,0.7826720304106516,1.1712250267531676,1.3666591346825263,0
-1.042488427249051,1.4857430024106018,1.4760869657835691,0.5789472939869548,0.6069756680009488,1.468475647314719,0.7890981847973201,-0.3638638078219391,1.0184050370533406,0.5042925691737782,0.6050749600835093,0.00727330438308262,-0.5820456683893535,1.0780921291191519,0.490371492367966,0.6243744373691182,-0.1034361512782603,0
3.0702731488058195,2.4096408404759817,2.4976807700110846,1.7763127928787226,1.9140314787000403,2.530821888897587,0.8228189581251721,-0.4842657152736534,-0.02540318862621885,0.33616460293301803,0.6361956752669057,0.42453512997716003,-0.6234544335437697,-0.02901709969637186,0.41418848178539924,0.8186236410978607,0.5023789073384264,0
-1.4849441753784727,-0.015265629747649898,-0.05111658123555014,-1.6302488074686405,0.6266212780551736,0.02266520142501612,1.2882033053574085,-0.8834440478885844,1.1600305580536812,-0.06108525794388687,1.0038040870232043,1.7169332142265754,-0.9501317175729467,1.0543980574761553,-0.26575080090787506,0.9086352246671576,1.612395870254258,0
-0.8104946342190242,-0.4337103727687352,-0.44761956973433503,-0.922545076299985,0.3827115320273557,-0.42976254589537866,1.257738613039359,-1.126544094886463,0.9987646124512263,0.4046079357926346,1.063937296375595,1.0291201041587912,-1.0883398174455814,1.0428291958473912,0.3645182546137359,1.1647629518095088,1.0502153882302434,0
-0.7455305218926088,-0.6232604063153968,-0.623034146001074,-1.4779576334870341,0.9466848962607016,-0.6190570958700343,1.0763830057334223,-1.1114526827595137,0.593216644200045,1.6536876967430496,0.8428668196118966,0.5154518574267124,-1.0746846778629626,0.618683362977971,1.8728622322972752,0.9482319881624763,0.5054981137142341,0
-0.7663719152683198,0.011750793489168217,-0.025078612974881054,-1.532790226083153,0.5934008887084246,0.006379990183094546,1.343158604785712,-0.9298505053790362,1.3487546431125776,1.088545105712048,1.12575503964124,1.7194527017766257,-1.0061569461983262,1.0052266835429187,0.7493232936731048,0.7856432306760891,1.3176593942749928,0
-0.5286004873575398,-0.5413706221825365,-0.547572194080434,-0.4807481574615986,0.5879541013874489,-0.5466363605260754,1.1219534202830794,-0.7392898170461417,0.9684953717529446,0.32207147809679876,0.1992107703295594,1.5478685728425345,-0.8017825640600273,1.1858112073727067,0.4011441509782812,0.2618604603417775,1.872092468452084,0
-0.1764069082200873,-0.6260232518703206,-0.6255716098510113,0.3252357929769966,0.7274621145703788,-0.638095319973987,1.0248057538286894,-1.1011756414622162,1.1305630964533107,0.8702268920953593,0.5392966617141414,1.2331547208446123,-1.0611530752864746,1.3278349208406774,1.0283637439464342,0.6509910244016788,1.4291020695381063,0
-1.1224267359290985,-0.8715695248413878,-0.8488672266354789,0.11460824698734445,1.0311241427504887,-0.8429687875854839,1.0966334617140572,-1.192160981441004,0.9036490006552577,0.7143566933801777,1.0005224275674867,2.0018578321147613,-1.1405400148005538,0.7895235733694569,0.58585210299075,0.9161689240024735,1.930976940274205,0
-0.8181107672057405,-0.9936625044224581,-0.9582621902504946,-0.06001765921682872,0.548169125770969,-0.9799590342860356,1.0778237179419672,-1.162221109439602,-0.05218477160649303,-0.20846612718521038,0.9924546346481861,0.8111428624686723,-1.0838397423235824,0.07152636140763458,-0.13561389215661082,1.5559462833932598,1.2099528867773637,0
1.4149777996399648,-0.9501666717407955,-0.9194145216760604,1.752178390204952,0.5758864907756407,-0.9139570344224627,1.1292030163270979,-1.2273248678167887,0.7742781101926892,0.5490771832666107,0.7863487942288236,0.7854812579598103,-1.140639118346825,1.0408221559822113,0.7671984822837388,1.1235774490905637,1.043264221654476,0
0.44680672949960537,-1.050646058214786,-1.0089477464255816,0.2235323766706129,0.40756123307621234,-1.0550835492088126,1.0173565984002886,-1.2289693520336384,-0.336634288886168,0.08597208261029313,0.8222638945950325,1.4952738236823646,-1.1360920185509589,-0.3147355134500907,0.24568386769750977,1.2934776870740818,2.0834659766237795,0
-0.2220932033704034,-0.6917297781925594,-0.6857542589556758,0.025975213758914307,0.4883308864725449,-0.7020988918777383,1.3012439587903983,-1.1125696492558446,1.4836745883792946,0.2579435700790569,0.6383175690024917,0.929894887229214,-1.062839492242287,1.8448808257605709,0.3398721591227737,0.8520582474543771,1.1473920918653018,0
0.3131865100241429,0.9818377348588914,0.9450935484165439,-0.6942685806445897,0.7328023682681436,0.9446226682778965,1.6584210538938002,-1.219591935868045,1.3247373728583354,0.8609773399162138,1.4757092436486128,2.337008883890514,-1.1733524446965915,0.8966712129938359,0.4514327122623124,1.0446240683466113,1.79591143190636,0
0.3415246007405987,1.204134593499477,1.1770609806057364,-0.8910993003116231,0.9280520190546051,1.1638426198478127,1.5657069045079537,-0.8813785963574835,1.8793637416135947,1.2321349883483415,1.6656940623907186,1.6226351289319487,-1.0140076738221546,1.168670350352793,0.6005025292117374,0.9718977544089501,0.8854750082056634,0
-0.13391068638419418,-0.2498361742344156,-0.27495751273005364,0.6980020289319577,0.8074603621594356,-0.2681709594287349,1.3511826970915095,-1.0850692373869497,0.6705716104045564,1.3534627362053522,0.9104324730525112,2.1192600101765873,-1.0821971171387155,0.4578595730047529,1.1699677076664343,0.709780921236995,1.9106095504657268,0
0.5907524200674029,0.11610866540935633,0.07599890925975744,1.2024211768379955,0.6720665823346815,0.09672823192425797,1.458570210632711,-1.2877488685021212,0.5855003644797399,1.753634293295783,1.3323868458809704,1.8188010806672354,-1.2064005140220972,0.29579263608478473,1.4656093989708239,1.0529440025700403,1.473682461088887,0
-0.2675214565893651,0.5105307812575177,0.4651858998325969,0.6347306098371602,0.33763908649991864,0.4825496728386249,1.3258021209730142,-1.2266216362651685,1.4163689767213958,2.58313722133558,1.5785624713827335,1.6738041011460378,-1.1848932130306216,0.8021685793053667,1.8334806520091156,0.931881748233158,0.9672066501610158,0
-1.6262726931849145,0.9782874401958026,0.9414180000891383,-2.7601443235828325,1.7258149235027003,1.0075684309367268,1.0559718950858419,-0.8962665772554042,1.011909166818693,1.2315053403120129,0.5976548863481524,0.3594598529147114,-0.9220299213079995,1.1665558763574664,1.4452645456382271,0.7063388424788772,0.3725842177862736,0
3.6996662944703718,4.11964256408231,4.552494910313485,1.5639758837168194,1.1660392091425418,4.273409560916166,1.078837294485281,-0.40875194886859456,2.854788094697801,0.1833039246741032,0.31727039456907213,1.9862057623092517,-0.7055974801403523,2.5216202013323703,-0.12889090652650737,-0.024669091912584085,1.616375574564127,0
-1.4735895794151654,-0.9886073872963995,-0.9537543614634534,-0.17856286974002242,1.5815673567229982,-0.9321169393041221,0.7363855648687522,-0.972112275290878,1.3238035771857162,0.9518047615881544,0.049647267172535064,1.293829711644625,-0.9539435548406683,1.737701777686052,1.2862350163027794,0.14220465564104529,1.6861533934501647,0
-0.286797878700276,-1.2882392584691058,-1.2177330750743514,0.0697095275327892,0.7954034421311148,-1.2882503083856263,0.7476064927622835,-1.1729191310102836,0.7010992818286963,0.07757176144995889,0.6320929500148941,1.3593952063343226,-1.0980372549951363,0.9872101811704986,0.19017944179918833,0.9610570326366603,1.8200409276421754,0
-0.5399453606486726,-0.7737413103799619,-0.7604300732022602,-0.9520231593364236,0.5047038824616369,-0.7749469045677537,0.8069131393115275,-1.0008366091039504,0.9269755574679864,-0.0029874401586241655,0.42877767913853165,1.1675257384493727,-0.9657431164341452,1.3188502013949917,0.11073661529982094,0.7234242561181873,1.6232746948851873,0
-1.2924402520876423,-0.895422004897219,-0.8703243008018754,-2.264416449543631,0.5854643599086861,-0.8548061414641855,0.7813419350191962,-1.1556270303819698,1.8267913847364605,0.8491665232797817,0.2849512040357337,0.9253889592017815,-1.0890231755022866,2.355477064673965,1.1414702495765727,0.4455781963066061,1.2081256626052408,0
-1.405368214937203,-0.8191673944487623,-0.8015821330997785,-1.7084478660901854,0.8288698312490543,-0.7715438439173742,0.7217087183343995,-1.1699727020143766,1.1511084626551924,1.3256111157770545,0.697367465037737,1.0727463286211527,-1.1155357503970253,1.2402567999592704,1.457370257257979,0.7455252797865872,1.123890741497946,0
-1.3341936012608528,-1.4005634805457827,-1.3150070487981842,0.037652993130302584,0.49767430600383794,-1.3469852016402322,0.6393718856560275,-1.2678958456952751,1.2800901558092252,0.4330833097130231,0.5769888425093797,0.6413069817032141,-1.1648372324424698,1.832632398358169,0.7250391822716017,0.9726552748989357,0.9835469173771747,0
-1.2344879233386818,-1.5170847041122058,-1.4149447755417,0.06259905625798019,-0.13156667355293208,-1.4687634626073554,0.7579952999599878,-1.2170165959917725,0.012374564933568958,0.41189527414267,0.8086932853175238,0.790405561051981,-1.1250392460816134,0.1650523207564683,0.7094921427348501,1.3138812526783223,1.196179738696494,0
-0.28734563852895195,-0.8726216173432237,-0.8498145352560174,0.13781442899128352,0.10853603704759802,-0.8790191077261003,0.7728788338644283,-0.9733840093752757,0.13480531707774956,0.9484682631367973,0.7704549450008186,0.3901959962198579,-0.9588999948671492,0.21238001674926624,1.2462988249605318,1.0683350567883485,0.519531535050825,0
0.5886189907060828,1.198460497957436,1.1710952916912156,-0.05400831048235719,0.7296548155904099,1.1622895680334717,1.4904423766652886,-0.732418671590358,1.1992821515225203,1.2392266400510539,1.8365917058475973,1.5517888760434575,-0.9452778748802048,0.5468482899938057,0.5701670846918404,1.0788520549432326,0.7831512148702451,0
-0.47896383492097877,0.8905586288710605,0.8508857015175458,-0.05604197722527525,0.36053520656462734,0.861334536822808,1.4378973421469203,-0.7063101094262251,0.6927336149150825,0.9609776751006963,1.012076910087053,1.133425194858242,-0.8557606650996991,0.48193673799452397,0.7596794570417049,0.8222171109852519,0.8971677670613633,0
-0.2623507267744117,0.9171650612686717,0.8782831644682457,-0.32782700432460277,0.49881052707372586,0.8828804775840227,1.4497199479473468,-0.8625071246573305,1.1694759154997711,2.1971170769237536,1.0771449531127004,1.575273066949379,-0.9833195651535985,0.7163997970035532,1.6804283455681246,0.6108812310835748,1.0392731785956166,0
0.2794440885222198,-0.33499205603058585,-0.3552269053916743,-0.34776240580330714,1.0389058918936316,-0.35259341776155145,1.0904965001868065,-0.9190804502083754,0.12533993686365855,1.100442597327966,1.0229800887202471,0.6915795921668423,-0.9539056182348599,0.03543943345835385,1.1505044674891225,1.0942951073367564,0.6496505377365566,0
0.5766423675391454,-1.5488070833203875,-1.4419811475011504,0.4946841894031202,0.9707067239869346,-1.5426507212628373,0.7694308829463486,-1.0164126258303687,-0.4513368856085609,0.9855168979505233,0.3311997923679201,0.6293295062554982,-0.9493403552005804,-0.37603722460836436,1.6973020077467462,0.814926781437381,1.166810067964204,0
0.14675672714800533,0.016218357196968257,-0.020767729854757656,0.6752425896161486,0.8667483384807535,-0.007428191798436528,1.0895832693984666,-0.9889920431754906,0.9834802653477722,1.283710344419298,1.506309780907091,1.00703776108231,-1.0404770721306074,0.6402829295967447,0.9321578021548147,1.1651422047906626,0.6159840188502708,0
0.37236721147339724,0.3334189873003856,0.28902352305634543,-0.5830721532037156,0.699826880674028,0.30670662461660153,1.2296635728236096,-1.023903431947068,1.5699510099973593,0.5241949518177581,1.4928550277853518,1.1252136574302454,-1.0562364263743986,1.2568841054330668,0.2144083928911996,1.2029659550729526,0.7721505746146599,0
-0.06525551930841755,-0.2202689302072764,-0.24696341647032102,-1.4792840155732268,1.5029332638694382,-0.23973093137035084,1.2596987062250176,-1.1180717479298363,0.007148642493812887,1.45227770921584,0.29867005794898627,1.6878741417724876,-1.062988914239286,0.05586440542528106,1.8917848577386764,0.450246058893623,2.142234963078421,0
-0.7763889190515652,-0.19130615212825475,-0.21947990253636887,-0.059357417837882474,0.9768142460738531,-0.1929026255392651,1.2845142841757895,-0.9982344306576666,0.9633393356080416,1.332214869142282,0.6894887768975767,2.1528178848851875,-1.028159162312178,0.7801089541914998,1.1715584783263562,0.48888907748370464,1.9765243326333026,0
3.9674576329743867,2.74130610399234,2.8795796429807323,3.5407607866016395,2.1157554634102156,2.975846622505533,0.8654430200172003,-0.7415061881702483,-0.15764105378438464,0.9936166820518931,0.16676831900758157,0.7019871268377976,-0.7535998108326266,-0.044737609096983974,1.529512718371688,0.4371159496373307,1.1094588646617243,0
-1.3063013272520483,-2.0009493011762283,-1.8193675406201073,0.9106514231779521,1.3170893225262108,-1.9376155071624335,0.5290218712331369,-1.1844511585045319,-0.5998385868194374,1.2924828342394028,0.288412107735058,0.6451028173694509,-1.0798580396276598,-0.5499849230277772,2.283358940401944,0.8503554690934618,1.2994043306697243,0
-0.7713201032286106,-2.088270636635694,-1.8905362599278308,1.2592170616568428,1.863642374477261,-2.058319445520211,0.5086400022564895,-1.119461391013453,0.47194517019963655,-0.16000078534108828,0.5031642843870053,0.11849322539734444,-1.017289217118268,1.1013380487531526,0.15689062779881058,1.2689093574165096,0.5873379963036215,0
-1.5722870081905946,-1.5946055788420859,-1.480885052771129,-0.2224961950048688,0.9714808905832013,-1.5167950747583065,0.5295624076008961,-1.0972598047646296,1.3668588407030042,0.45763247445217536,0.4040007063578965,-0.20226434280160424,-1.0168470411772101,2.191470803337988,0.9251896601975107,0.9126856591749622,-0.01776851475550458,0
-0.8215301441083604,-1.3629142356655446,-1.2825047675213817,0.1969446466501915,0.5775521988853172,-1.3427881681873748,0.8373830489011266,-0.9164969810714718,0.6971712527442416,0.8913229157601735,0.6681408403458935,0.644359411269128,-0.9323622123251473,0.8167594658214611,1.0622657324121265,0.8219956128148198,0.7346514176322402,0
-1.0358420710217695,-1.3628375066833935,-1.2824384226304182,1.0334687353326875,0.5540244976227279,-1.3307609735371824,1.002068120492061,-1.029308366336297,0.09526857826465746,-0.2207397130036818,0.860301634848665,1.0340371318231343,-0.9904580449584512,0.21627506459181634,-0.19333372188515624,1.2814941620658402,1.4151085358922806,0
0.17096631680145213,-1.9679739318387266,-1.7923474895587532,0.40768917465122906,0.07773708407371664,-1.9616343444315447,0.7327661902741738,-1.2439471141945992,0.42730649541899757,-0.22247157340680532,0.49031663482525073,1.5212171620146375,-1.1397200451366907,0.8152651969520003,-0.0828482328607594,0.9850811008809597,2.3327683264387056,0
-1.8718331385813278,-1.245438395598681,-1.1804253254380324,-1.1045025455443078,1.354684245131904,-1.1459697359162813,0.6564450196034932,-0.8073812798252561,0.07886463689061834,-0.005739195558814299,0.7518240318256914,0.6227312855971742,-0.8286505874575486,0.1821361568565996,0.07496170083869148,1.1116837798547592,0.8678964328215724,0
-2.0466847785462194,2.227845775213234,2.291749958350366,-1.315644523565193,0.8189130601381941,2.2666716598273404,0.8898489574291623,-0.36444117186365155,-0.2957176849673254,0.17957833528262782,1.5322170969379074,0.7214804493389835,-0.6711936819991351,-0.5714689560787365,-0.10976307911192777,1.2881399268385385,0.4044293903313441,0
-1.630009366189066,0.8409841967680938,0.7999748900297852,-1.2194207602956662,1.127385527467296,0.8732833523195316,0.7272595666060995,-0.767881784832223,0.849881199726769,1.16131294243425,1.074206487139277,1.6739818769770827,-0.913618972301208,0.5259356927059275,0.8296737741649785,0.7413849400225129,1.2835757844375948,0
0.6740872159436578,-1.6111157072304623,-1.4948722596975932,-0.1663656114787426,2.031521922639987,-1.6011453638960857,0.49436282332468684,-0.9299122818679263,0.7681913790264905,0.975090701315424,0.3890403542677968,0.7524079151169002,-0.9260053217871651,1.0142710142330251,1.29232603042959,0.5754787766390883,0.9818042980245101,0
0.8762745122757188,-1.2047687125066082,-1.1448516344558934,2.075889588667621,1.1585489081590656,-1.1939115006652312,0.8174337105868593,-1.056275917172212,0.1837343264297814,0.3437082804292977,0.7385338742044385,0.5823554506480286,-1.0041209849798858,0.3743464020494775,0.5958115857368274,1.1858181304280087,0.8951111533443115,0
0.9407911491423402,0.16981442795543653,0.12832558813355036,1.0922284345751323,0.35137349141055874,0.1608155288004681,1.190262070333784,-1.144173453786208,0.6009435443763979,1.413129222868311,1.805647989960386,0.563908419937257,-1.1252969907087071,0.29546913801526103,1.0990180818589737,1.5207111418078711,0.21487568090625705,0
0.6078384166507834,-0.601565578252124,-0.6030897742676964,0.02727784315297148,0.29313918663848915,-0.6093667480910927,1.0848928159535498,-1.1416024153085438,0.23169435619394096,0.5030803895784893,1.7451259377337776,0.582214819337171,-1.1096840758330002,0.06256057754582599,0.3491208310720376,1.7496194285208242,0.4040655164431754,0
-0.09966005356383548,-3.4166441223359847,-2.904716221514614,0.4846345917116473,0.32022568927087064,-3.3873162543528395,0.3974187773969548,-1.1420526116825123,-0.871045465728888,-0.3725968644387271,0.3188750059770233,-0.0760934706824323,-0.9770527335504511,-0.7801202298472629,0.18655342272343026,1.663852596053338,0.7812397415108577,0
1.4642959491509342,-2.8471630962278844,-2.4856673304760033,0.8970652012065051,1.0637668880919604,-2.7700490155510966,0.28676824798788075,-1.0456393399423614,-0.21583753339607625,-0.14611885843152203,-0.1985165430638298,0.4593138494232305,-0.8770766467043705,0.4281783619716483,0.5924980291443889,0.607124888538449,1.7436255347259777,0
-0.3552507445990112,-0.2806517802809606,-0.3040658009588364,-0.6665129260815396,0.9812844128302824,-0.29472282280707385,0.873645431521765,-0.9783817338710572,0.8952418788105139,1.129718317851308,0.7662442292800565,1.7124200753279062,-1.0084363630793767,0.7746995948166658,1.0323901943667837,0.644116826292689,1.612756998742976,0
-0.8195105879957205,3.667432394127898,3.988389346384831,-2.680950125875823,2.2354825302773103,3.6048476127645235,1.1244871378741566,-0.4021877764501676,0.4487498291133955,0.8749805722855284,0.8536840840060429,0.3222308117504667,-0.6452524268706397,0.31429760346855473,0.7784940940383545,0.7685963481912875,0.14572458207619518,0
3.3107100639193936,2.055887977764788,2.099177307094098,2.664119285936596,1.7205451923855535,2.217486993906268,0.8394793343595088,-0.9393648939788283,1.3721421746455946,0.47442026291070355,0.6858918781628891,0.6076409484109082,-0.9503147420881509,1.6067567321479963,0.540688476447972,0.8275887065006328,0.6757676255458592,0
-1.307795505739877,-0.4588033356952538,-0.4709915114356907,-0.71600208209819,0.2775945622738657,-0.4254057240022311,0.9954800422989118,-1.2441013117412465,0.9191887782644163,0.7294757474515051,1.27391651053517,0.2615848960983974,-1.163301846211635,1.0055587040143577,0.7914897212023966,1.4877658718188063,0.218210736296437,0
0.19482363263095662,-0.9731995904596886,-0.9400031980489599,-0.7737602782927847,0.5567460713638945,-0.981755133130636,0.5677894708127558,-1.2941412070126264,1.1531036495415066,1.9240682176280346,1.1664814396842775,-0.5728737340927228,-1.1970608840033463,1.2758953604231122,2.2015224672112024,1.3532717744484464,-0.7511923698140847,0
-0.25949892089765136,-1.530494290568575,-1.4263824486252608,-0.4873168768351865,1.0944742466829236,-1.5273330719929004,0.3283222729694365,-1.0311214195789158,0.9386764448366187,0.31844752915463265,0.13100975282524735,-0.07731329666303924,-0.933950007125597,1.866554142778688,0.9367531498498022,0.7177757309694593,0.3265610313690943,0
-1.0958581087724744,-0.541893558958877,-0.5480556328643889,0.9505321942080273,0.9539414476481275,-0.5208958738694134,0.9169699484363302,-1.2212203637676602,0.49464463315244467,2.003426873363595,1.3492202010892642,0.8186166312022464,-1.1633707820294144,0.27815607714058854,1.8555298465447023,1.1917207812211477,0.574034575183761,0
-1.038874799078818,-0.40192667949269917,-0.4179499660206236,2.4054430937004416,1.1531147723592694,-0.386768024313093,0.9310586603055871,-1.12354403406851,0.26645941932421646,1.2254894236888438,1.0548796589242855,0.6978982902214755,-1.084096315586639,0.22787671467217413,1.3488418977577614,1.1883596579276519,0.7009795113937374,0
-0.5582806643199835,-0.7266598185884112,-0.7176197771814076,1.99647904117189,1.282841197608092,-0.7280012801546912,0.8623140938122561,-1.041127584262281,0.8849032221423571,0.2940356065782907,0.812174232874461,0.22900032536956255,-1.0017545446086003,1.2085701266830977,0.46122589864769703,1.1890308806743815,0.3635116331629232,0
-0.06642377699457754,-0.6086836014990799,-0.6096372546815344,0.10340028274375268,0.8879084351456875,-0.6222629128822398,0.8263470767080267,-1.1058566599986952,2.4134279282086553,1.3333931861484591,0.4515957277300996,1.0549369326838045,-1.0799263716057008,2.5515600560441802,1.3637030010354974,0.37010303234442027,1.0100719952367372,0
-1.3525059995652455,0.5221255648277852,0.4767981952489433,0.44283305970583814,1.0610213059055866,0.540184820251991,0.9219246541891383,-0.8472943626578685,1.7032900992971556,2.8850591603259574,0.7298700615165223,0.8181737219924314,-0.9630150820273011,1.3205323107975215,2.4844534127528837,0.3545940691464837,0.4193484824106933,0
-2.352907189693963,0.8758520444310928,0.8357640005032692,1.5774090305661903,0.6938028124506121,0.9760928513971128,0.8423787369280036,-0.7215023258612717,0.41075225749009747,1.0711570108996875,0.9859987694277205,0.5822494149525014,-0.8416723698803703,0.2871836192416319,1.0141909742834132,0.9411449229757167,0.44258294185943303,0
1.2791262159166148,0.05830312973535857,0.019912433394208326,-0.10576773158825847,0.8125432324187163,0.06768760767024003,0.9272904161079286,-0.6942780900154311,0.7908870319390516,-0.027588557176771316,2.0698204567236838,0.10150610963844883,-0.8774173914781856,0.44157758447362533,-0.36827465984387553,1.721878287098769,-0.26891035274304237,0
0.3183173174634348,0.7742234649537137,0.7316972727036453,-0.9423853785189942,0.10966707350308684,0.7402027702970214,1.366430051997881,-0.6970567308575517,0.5916624930361392,0.5813127935360871,2.02860755559401,1.1614704579654083,-0.9106304145243174,0.10800330002331661,0.08254861883750812,1.402479430982264,0.5580782650722047,0
0.8793609975075423,0.2012350361508242,0.15903674969622728,-0.5858657013159526,0.27893487728697736,0.18933496283629572,1.4104358870075444,-0.9680640593693608,0.5417584617299942,1.4024966286040377,0.6996162414292048,1.827902267383356,-1.0009218373779318,0.40363743646678063,1.3410312315976953,0.5784072267676286,1.7498071039320953,0
0.6181243026833401,-0.651748839902221,-0.6491719245409839,-0.2135792351083094,0.8675778239856649,-0.6584970686388477,0.8218437648264132,-0.9546745150851432,0.40903183958693,1.3974374234954734,0.40815102014951243,0.5461250782168814,-0.9409269590035749,0.5826970052688273,1.8612070434082304,0.6228668705255642,0.7456671903420854,0
-0.15745747719706105,-0.88318560606161,-0.8593219282089494,0.7032251346545673,1.3646396506329874,-0.8916065472732762,0.5736303643096081,-0.9863797500130698,1.5623857102455618,0.5970728638961288,1.2710242113255747,0.247415420073673,-1.0116530728905722,1.509155102420762,0.4661039501226075,1.235175617755553,0.05911565216177063,0
0.9884510610160563,-0.7329341071940725,-0.7233341896463206,3.012329204774241,2.3650337224634037,-0.7249806646849578,0.6971363635092734,-1.0270709268689608,0.17353914347817764,1.1528225845814397,0.520819553543665,0.5687467139114685,-0.9871889186851805,0.3272165771667947,1.6202541902105945,0.8344980611571818,0.83168240230475,0
0.3625813217230048,0.10664476712452246,0.06679979698103372,2.788456361548048,2.0749721108382504,0.08325241189237897,1.1244449687834728,-0.7019392736779703,1.0243248318217912,0.5511187070654483,0.731430506149671,1.3551140187257902,-0.8332560598273713,0.9345276054731624,0.42046418584592543,0.62630273980808,1.2567241686981703,0
0.9269034324237798,0.3748981794883229,0.3300755216730893,1.5126349642747823,1.2613961690462385,0.36200474849788533,1.606573557052878,-0.9625438856069854,1.081540513859846,0.7292496185342656,1.553845442334119,1.9493318703435645,-1.0367778430455252,0.6368950141829804,0.29831563877401573,1.0811394382270343,1.3884688741182163,0
3.055486351318224,2.055680335700732,2.0989460738577557,0.669556323303235,2.3697756326786044,2.184505154005389,1.0483100453145413,-0.7676584115897649,0.8538353908462002,1.6487590349366306,0.6903622834475586,0.717713411477353,-0.8728090552747708,0.7587982462263083,1.6375247854275872,0.5885304489061478,0.5784183005739841,0
-1.4399174084267814,-0.8971320675059907,-0.8718610372717402,-1.5205434055633156,2.7633638624448853,-0.8452268608619719,0.794041125977278,-1.111143627773633,0.8543347272330043,0.7826592665884569,0.2817753385178243,0.7031959353403687,-1.0382492549991535,1.348137347116154,1.2736441304757822,0.6281263102312241,1.1427203642443624,0
-0.46617242054756153,-0.6684863235399404,-0.6645007932189309,-0.13965938285546928,-0.2229610240916278,-0.6736486074066046,0.6716160814539888,-0.8671992060595619,1.727834338249146,1.7410928587865808,0.6078778785776449,-0.05085938484914431,-0.9220011872080062,1.830738546530671,1.867292799388725,0.5839274633515977,-0.19702650083919618,0
-0.7651947074382799,-0.6989053925833151,-0.6923075854622363,0.7609474946591185,0.4625133665283558,-0.6925879574222431,0.5943627212574265,-0.5126134220978796,0.46206210803817405,0.4064597462122537,0.4630557768482103,0.2654186448698399,-0.6292118233722126,0.6109434291963989,0.548470356984924,0.6509751054969659,0.35441862091744025,0
-1.1191023804745346,0.4464827948910131,0.4012175801506536,0.39337873340152957,1.1288765895067894,0.45129502708695685,1.261595799103699,-0.2751070157562132,2.1717114638268304,-0.37883807254172935,1.4206478828511004,2.4472576113937627,-0.729210506626319,1.3285960067369778,-0.8375440981511354,0.6670588831771941,1.4921710833502926,0
-0.14343713195855085,0.21123054202436067,0.16882163979224638,-0.3467226464093753,0.4128851673121836,0.1860116129995662,1.2037171329321346,-0.9110469156516469,1.2807947462040443,0.24152513339494752,1.1312561084407668,1.8916639445911947,-0.9842961569000233,1.0361651754929646,-0.028709055981456576,0.895130688800264,1.6096451749391436,0
-1.0397905689011728,-1.260225228458294,-1.1933294813066448,-0.3941750565000487,0.5554583186682143,-1.2297523159869137,0.6617293273047824,-0.9446645118648271,1.0212794429222958,0.18375028232611867,0.5988413606040442,0.5277167752583163,-0.9301340531013612,1.3862412998347415,0.320684725287083,0.9049011724655425,0.7465793327633066,0
-0.6866926823602286,-1.1202493722121292,-1.0705374813208437,-0.6719787731152225,0.9755492774224178,-1.1103635057540695,0.9082447337843448,-1.06324861744358,1.2485016858820415,-0.198935344366025,0.3112998858316421,0.7136515219094551,-0.9907536492471285,2.0031186854822356,-0.027661537062614885,0.7587016651975664,1.2564426442518204,0
0.06846794249769352,-0.18511817456894525,-0.21360005415563826,0.5923904605985053,0.013873038212369413,-0.20576079969156638,1.1298867911366657,-0.7535985072344693,1.7450536250212634,0.16811330796539195,0.8564321370344887,2.206390381288275,-0.8993529250820147,1.4497848646135327,-0.1326076461778887,0.5555183874091484,1.8601067785806915,0
0.5680583364931863,0.19686486174322207,0.15476094530204898,1.139794635760747,0.6873806359641574,0.1757099491112577,1.0700536586972251,-1.1018219295687357,1.3373590100015584,1.1773704544332115,1.1123748641574216,0.8144454280748974,-1.0861241407690512,1.2316709621332125,1.067911841375829,1.0183781094180455,0.6392660499842082,0
0.189255281437857,0.018127915443562705,-0.018924697766425497,0.2242524210631596,1.5970861759443642,-0.005406214545415049,1.2477569091202376,-1.0694237333151095,1.8172806567353337,-0.1546732031366813,2.003791890530423,0.6084748168478525,-1.0862714855768578,1.440147516156744,-0.48984217430396526,1.6637969721428576,0.22396693006440516,0
-0.027168577035511333,-0.1405350994614463,-0.17115456895979478,-0.4811112736091106,0.8591317413224885,-0.16147655034604425,1.450050676861748,-1.074527996071486,-0.6804433324852982,0.45195495910716965,1.7603801394091825,1.143974767780239,-1.0688503568393213,-0.9164162521172482,0.2872654250148887,1.7551219776014324,0.9949864983810696,0
-0.19909275923536937,0.02040644817664507,-0.016725198258601685,-0.4476734334931536,0.10099499668983038,-0.0011826572802462758,1.2446466834575591,-0.8250938788515614,0.47938371124394724,-0.23433133051076263,1.9478073022711138,1.4952292032719359,-0.9560758313457844,0.11214444601060079,-0.589092821618338,1.538859256950616,1.024967859785836,0
0.2668536611878183,0.6854752976304958,0.6414351425201518,-1.0592274078079544,0.3227001301009015,0.6523387371112489,1.0381560337629343,-0.46149772193343813,3.0049330211422265,-0.07442942179032534,1.0102378953672049,0.6014163008061536,-0.7439244515724667,2.6062721634015675,-0.40599346974969674,0.6585461262141697,0.22498571597509856,0
0.35588381322830887,-0.06472752229607412,-0.09864937853831178,-1.7927282994149962,1.0461778107069877,-0.08560131596963033,0.8183476491740743,-0.8179798617385563,4.4223712433540365,0.7389295381885919,0.7391485802178669,1.2753839429492306,-0.9601965802644892,3.7237905899424413,0.30088972797634533,0.27432495557460673,0.7557963825797351,0
-0.2672685111709158,-0.3215496228022856,-0.3425909373037028,-1.893527776862793,1.4097859765957428,-0.33679490187380934,0.9235115785851867,-0.9863627661060343,1.7444173030884904,0.7437462965626117,0.7355257686934298,1.241957246128485,-1.0078956558908598,1.7501767551524519,0.6578421306289755,0.6595685790719199,1.1673309431614016,0
-0.9974032219604908,-0.14617016812766664,-0.1765274485382696,0.3560489078223672,1.1408445613666007,-0.13777990232350396,0.9145318479081795,-0.9843662962029945,0.7124705756322828,0.7526815781101858,0.7597972786517198,1.053553753992419,-0.9877153243521245,0.770264952943336,0.8247004354532345,0.861879133169715,1.1442707186762686,0
-0.04158598558192745,0.46418019404090727,0.41886309936022753,2.08793519319142,1.6072409483985033,0.43420141692356146,0.9885441500059041,-1.0611505237100938,1.195864028710554,0.8579174734145603,1.6045882144860368,0.807060562113182,-1.0762313492310214,0.9024583806465745,0.5624513358288781,1.3390042921427983,0.47233336992994646,0
-0.8957154266422863,0.1802431141337752,0.13851083387858265,2.7306056980659377,1.9976893123681587,0.17788747507060804,1.2396881461155302,-0.9760195773097131,0.579590660399882,1.1003733661995647,1.667818126943313,2.0714974138549542,-1.0490777662753614,0.13409642130732613,0.600520777639796,1.128608564315806,1.4340787687796548,0
0.9531734712519806,-0.293917620292807,-0.31657536411881965,2.4723058785969583,2.4605935506132757,-0.2947984758545635,1.3581674327739364,-1.1445272110652887,0.13159444299519826,0.3684265357519854,1.1047756627706697,0.7918121132180714,-1.0874345801048688,0.16529651886034175,0.4581101598205225,1.4269392441696882,0.9528805451401601,0
0.08686132452339487,-0.45911151302246844,-0.47127826714852283,1.8305663002733839,1.9975382339434915,-0.47564605614808164,1.2497199312713356,-0.9641459711603365,0.26737290491999705,0.2836328804787185,1.4326555752059622,1.0543519443369422,-0.9984895344705191,0.10839781539590992,0.11848839293040407,1.4112258638574846,0.9201591597523512,0
0.3938965510321128,-0.9883721450437409,-0.9535445422177398,1.3096403179973628,1.7302655069986084,-0.9946577223318342,0.9709817227639221,-1.0319756258516295,0.4203859844128937,0.2688956473631198,1.0890757637338349,1.177506246439313,-1.0242897254990702,0.3959946694957748,0.21946677629025693,1.2151458218961022,1.2381298297537768,0
0.8176563588146046,-2.1711170992603694,-1.957544558086556,-1.018411105275233,0.1660969283474822,-2.1468422176526216,0.6098210560224436,-1.1796410319425643,-0.2806004524707295,0.17022189276267513,0.7266796211476972,0.7514685435709446,-1.0858543834338956,-0.15078758093134856,0.4948939942545223,1.368471478701782,1.3027305642041875,0
0.1575109589624153,-1.4025364586655873,-1.3167074581325526,-0.8512146099402425,-0.11076237398557828,-1.4047702497880878,0.6602687128143796,-1.1827358677797362,1.1400454777433568,0.23841102857940683,0.5350070136591307,0.7485804955221871,-1.0987674888684351,1.6634538541921826,0.47407312092709814,0.9280163265938233,1.1392885540729765,0
-1.0243054446631368,-0.6185602295096583,-0.6187161133201549,0.7035152685683649,0.4242716940813511,-0.60042112034091,0.8104101296154181,-1.1360240854520345,0.38021444375515767,0.6356051333122898,1.292421950308522,0.6186434244459472,-1.0935592681999344,0.3477181643442622,0.6443324771076053,1.4578447318850507,0.5960785613948946,0
1.985327427858566,-0.1955705743321437,-0.2235303557036222,0.32350469331869847,0.3424275725687221,-0.12839674365646453,0.7941724569005977,-1.0468685970901197,0.7402131753442803,0.8053248363589709,1.451940401191585,-0.1414359248161772,-1.0408494515851516,0.7013146965143676,0.7786311954668653,1.561097539742054,-0.3095791947720793,0
1.5143921118600732,3.271297959670855,3.506470972082568,1.2924257533520667,0.674634782444252,3.2376299037900056,0.9988831762401467,-0.6357108360973291,0.6475244146576744,1.0839160694573433,0.6836236519642397,0.6101934421175612,-0.7742575108706196,0.6018330759857106,1.099943344324752,0.6592854481809637,0.5318431604031202,0
0.5502285499727632,0.5666244143941115,0.5214551363407302,0.9085845611871404,0.2451516464241845,0.5393746473012219,1.3591065750136544,-0.8964850618542816,2.4637307872045366,2.154899322568107,1.0623487423889164,2.405745583710328,-1.0271722348358183,1.6041296230007136,1.3442991647835776,0.37283602085788653,1.489297903488521,0
0.25439565988688817,0.26151731745490747,0.21815919461481897,-0.09735616509503056,0.3628177410658296,0.23469280858420632,1.3911261025993928,-1.0015498061764299,1.2695874013731592,0.9976479956156362,1.0747713053498047,1.8521509032716905,-1.0411882474471386,0.9841298369094464,0.7112267346995078,0.792019653202405,1.5179754960181406,0
0.013977172641534343,0.23329623972530983,0.19044814874347582,0.2935783064901736,0.7428423674638177,0.20650173131136662,1.3246958550475856,-1.1305145300471622,1.6649664803789397,0.5490163223883714,0.9682796668277446,1.707684869093852,-1.1049691189004136,1.5603891305940858,0.37502114667808417,0.8386220203582657,1.5663989926712087,0
0.47333141768750825,-0.4112105877474821,-0.42662396154655646,0.13905712166898995,0.22996125520465183,-0.42496023331553195,0.7099857809173463,-0.9193563332223872,1.6475082247442234,1.2091478740648107,0.5509374898337212,0.6151869488651138,-0.9514969567373253,1.7849843302850124,1.298330319410762,0.5486759079288508,0.5813082521425725,0
-0.2037222617234643,-1.174844309912454,-1.11859990260476,-0.6676392508008488,-0.19407363667967187,-1.1781352101953948,0.5925861238676606,-0.8445379838314505,1.3034108526233408,-0.19838393729321424,0.553472670412534,-0.25201419023691196,-0.8271090811550879,1.9707035301131912,-0.07564126637894943,1.0281118863019856,-0.14650972938742526,0
0.12644939713840986,-0.4990644010057968,-0.5083954351438068,0.35462937568465047,0.7291715376559604,-0.514983185805571,1.1139467805101433,-1.1429202259200921,0.738257659285883,-0.1537901409013197,0.9340647362452382,1.7910904792261668,-1.0941948705714044,0.8069470041664286,-0.2459987963273049,1.0849382002130052,2.0128213052296777,0
0.15873287772721975,1.3633111565407081,1.3453730931490395,0.6291758957415708,0.5201652518058818,1.3193917795540768,1.614966354094545,-0.8936559007915195,2.7890490339925833,0.5998056508001927,1.5200331847803674,2.1829317536378743,-1.023681039895509,1.906892820876912,0.02359600203837772,0.8027719024992492,1.326241325964666,0
-0.4374043460624078,0.9677212142935951,0.9304844308227287,0.688989224201798,0.2219107770127296,0.9362398578959708,1.3935762315112237,-0.7951515139899639,0.911332393669094,1.8382088445532194,0.9971413149053404,1.0651748964005583,-0.9238525960561522,0.6173320235005143,1.5478498505339195,0.6988108109563722,0.7251652010427154,0
-0.0203274147254064,-0.20768590187919955,-0.23503056650475926,-0.0691239184259037,0.1529569602860852,-0.22765544439396307,0.9341938598426837,-0.6446798992528948,0.14597891478727917,0.7682067548263107,0.8386873339494973,0.872038584887998,-0.7796279165313529,0.041746276686654114,0.7430699146896554,0.8449503115835088,0.8262312113345237,0
-1.5376852195205284,-0.5283168945242642,-0.5354979760269704,0.02349711148582707,0.7103405626659072,-0.475906414358674,0.8540286933879213,-1.1338152754750466,0.6927083255847041,0.8477252632477793,0.8130157404006981,1.05042929570842,-1.085585564590894,0.7823230430239942,0.9766379071033313,0.9701869225896077,1.1841935473924587,0
0.9129669116620868,0.02138780482590233,-0.015777764481932417,0.7092499750309699,0.5257117868752089,0.013696453514465357,1.0567327148122527,-0.939799038255702,1.4846880734255354,1.2630653686954638,0.6432174970583311,1.5170012911739363,-0.9875731262226511,1.376364904791986,1.148973290204612,0.48074785796870523,1.3723704362953242,0
0.6570717358756563,-0.012306571577886916,-0.048267283353713636,1.4324004666795584,0.7257048617895187,-0.028000009829433993,1.1660630361709627,-1.1024526820184177,1.0681714662957456,0.7336132104673716,1.037833745625047,0.8824385317467971,-1.0756201866545156,1.0821142108554942,0.7100369184606748,1.0885674125331992,0.8447511480329489,0
-0.17000650864735634,-0.23993415342794955,-0.265589426515696,0.13771934247104425,0.36961210318779425,-0.25796794991928407,0.8807507560443819,-1.1014291708173132,0.7128230706825581,1.437881724636251,1.1410150654351878,0.7332476694755813,-1.0825300831558466,0.6021257273580674,1.3999977163323603,1.0998005367045447,0.5912804217901205,0
0.02188581295668831,1.3848190801299236,1.3682569074540565,-2.1721027939597586,0.9210012427792648,1.340632740387181,1.3367533070176472,-1.1049869852367291,0.22623609389471278,1.3552645204578513,1.7771112347269138,0.48106917770802365,-1.098289637545357,-0.03533054767684122,1.1101181394343191,1.5776071435003953,0.1812844628290278,0
0.5819812358533887,0.6960366179215266,0.652146563226583,-3.171260405191575,1.7224916545606113,0.6674787371766252,1.2605148957790713,-1.1523429870768678,2.837038394167867,1.3725388642793381,1.4343186152243435,0.45589657263651834,-1.1349893448522668,2.3666179688208113,0.9709191817854598,1.0368699833298232,0.04945491550227426,0
0.18282304928618776,-0.7183451536530111,-0.7100426414567711,-1.8394051291816376,0.42532097607817504,-0.7308003855732802,0.9529638672917271,-1.1986348519607355,1.89162645594001,-0.1982887338645308,0.9109539789279947,1.2009771354121133,-1.1322640028350839,2.1482722427863625,-0.30206777264453266,1.0494604020062617,1.3171024546146322,0
0.4021983525888765,-0.22124192685432145,-0.24788565710161534,-0.2948874265035102,0.1477311388790992,-0.2390969671596354,1.0316416446701229,-1.0436883836359572,1.4634808754075737,0.5040874696971126,0.9953442195108865,1.3755288850958527,-1.0483473308329216,1.3905618626355492,0.3561731928755594,0.9099192146183916,1.2598515966736021,0
1.1747935452946443,0.582643515507023,0.5375664464544667,0.8189573353741354,0.9562251920961893,0.5773709483519767,1.1562848943807031,-0.701349184948972,1.4359534617401775,0.35404089929076527,0.8864367454286117,0.9979431761234168,-0.8391472517551597,1.3387712443243118,0.17851252117946087,0.7660981814716308,0.8359424740276876,0
-4.687209646479445,3.58646878559794,3.888963761804322,-3.347008062688006,1.123751816997899,3.942891091434613,0.6055410658241981,-0.5346870725287146,0.4445448758189966,0.09563962830793638,0.5397393911593232,0.9934082891964616,-0.6736056795083709,0.49321181704873485,0.07569089799971251,0.6342757539321694,1.1237181279351232,0
2.093693345417208,-1.4850415399629096,-1.3875606093065198,0.8998245907223027,1.5124629704081833,-1.3774516615155683,0.4829705780452969,-1.1387599118217309,0.3428249672747523,1.2011690530073806,0.4416852645780031,0.9617145620536979,-1.071553680716994,0.5387931084465188,1.6718823204618298,0.7169699841174856,1.3277728116491236,0
1.5594234572425905,-1.4793068973214725,-1.3826518816973299,0.8461721394555832,0.842579656236078,-1.4221402678148614,0.6495646513320286,-1.199179537012185,0.3324866516991303,2.086912438751007,0.5881892490319752,0.3835483505064525,-1.1228927517196123,0.44786297254252283,2.6659178637878926,0.8126022735237605,0.4986149994157706,0
1.6316293240147317,-0.34792877048287923,-0.36737506940750514,1.1881455118594995,0.8678191657386538,-0.30752131377872993,1.053010511961223,-1.0324559294654245,0.8185019086540208,1.896110584163137,0.5740282940093453,1.8940759241796339,-1.0445206607536373,0.6685831059163961,1.8293232382273612,0.402144960841446,1.7694405085818912,0
0.5267708472631569,0.12829637278743644,0.08785523053516245,1.0227205800166153,1.0068872523204573,0.10730931696950671,1.42423838026194,-0.7713837622290829,0.49162497623258494,0.05070891939282833,0.8981323825386281,2.0443362680980437,-0.8791507993504603,0.3469803569188951,-0.13812861223382478,0.8001448766091976,1.976659460182711,0
0.96518547776977,-0.9092443334687716,-0.8827395492759087,-0.8702550789588072,0.8454411339029455,-0.8994103365112802,1.137492700191679,-0.9157381600291735,0.025179915989004955,0.7578177748326362,0.41874968285796166,0.9875197548767058,-0.9029414434942621,0.13926116236458524,1.1075843681566968,0.701172857271639,1.3795101120814586,0
1.053838014219977,-2.0161144269705513,-1.8317672784432855,0.041240441387278934,1.080596978429063,-1.9830455093990964,0.7060545467561753,-1.2001234053744994,0.7639758676270244,-0.12890236151713952,0.35546873859452655,1.2565023483512823,-1.1017562823330558,1.3264942748931092,0.07528838245722456,0.8288935828687969,2.023889555347981,0
1.6019752877575377,-1.4880890531769213,-1.3901682389199583,1.3590285445509922,0.9733875342502686,-1.427302593086352,0.7969687284691045,-1.2266727779516666,0.5875764373705968,-0.46183251338216863,1.0239576158790629,0.619947011598243,-1.1328085947775077,0.9246021421439464,-0.4734476408480094,1.6084490416807427,0.9641328793795556,0
2.0460662516463715,-0.7789770808893282,-0.7651808851755326,1.1049143460299795,0.5696467237085991,-0.6929537831868793,1.0102146175891233,-1.1972492999096567,-0.11306419608359031,0.7277899540165763,1.2266887629633905,1.1885538834820637,-1.1333612338522145,-0.21086269499198157,0.7640737388466539,1.3951222042015574,1.2627787350810478,0
2.8909272718873607,2.2905842298049315,2.3625458242641284,1.359931599590642,0.3472029708644679,2.393691343469628,1.1594398478973276,-0.6058036984995656,1.4879420196595268,0.7030404879820683,1.3093501793028566,0.8414531663478917,-0.8312092361189917,1.0958654581582874,0.3341315751866368,0.9270641937424358,0.42802699036522424,0
-0.8259725243020615,-0.8332982552277579,-0.8143528146705756,1.850380205093226,0.5968144775401257,-0.8219208145843102,0.9817540496016756,-1.029992848525748,0.996213458582215,0.8410468651498854,1.0728532460928444,0.9359226562325436,-1.0357091692985725,0.9298674009313564,0.7636028143736889,1.046261182424317,0.8314260339261859,0
-0.67286214769377,-0.15482835019864574,-0.18477827586043,1.9114385350103393,1.0573176358801664,-0.1612327900226784,1.0344255742164634,-1.0905340406610802,0.670537131880912,0.9464505122087427,1.1100028505626698,1.1642667895407628,-1.0741151759237442,0.572402533027811,0.8784397326628655,1.0866677432213827,1.0777228549693143,0
-1.3659738598249664,-0.43531296514150775,-0.4491136176944762,0.5027878738230642,0.5916591001555453,-0.3981635491808265,0.9443256333326642,-1.0269658597317715,0.7485761970493336,1.2583673802512951,0.5051127726014754,0.438663819625048,-0.9959324650721185,0.9937066468446375,1.658382220192526,0.7333573613396588,0.5931984016519538,0
-0.03704046842632159,-0.3852243506092274,-0.4023291048912761,-0.39214982477551635,1.1317723888830646,-0.40240625513543776,0.8914240719254568,-1.0995146239547429,0.8503567918583977,-0.09215494189029898,1.3917158233103633,0.6876565522998713,-1.0714357691487908,0.8631934873188681,-0.21691465004614574,1.5448214897693062,0.6518809228880852,0
-0.131894041917749,-0.44043631274600603,-0.4538887036318572,0.03632251263701167,1.4217294535424452,-0.4559028851783732,0.9293724647023953,-1.0524640072711757,0.5025076035897214,1.5352337201017736,0.8611752760566325,0.48157747118012967,-1.0351098806024706,0.5132827545301202,1.7330476502710164,0.9705198752605732,0.46618630724214966,0
-0.6113155192227514,-0.4668668462222741,-0.478492244964534,1.356532369255243,1.1467864370355116,-0.47051604968826144,0.7981526149548257,-0.9223623932170031,0.25103926138776356,0.6709785724323786,1.146754526708478,0.0481979003187136,-0.9404886886623596,0.26007871080348094,0.7654421728071669,1.3898925257760402,0.001402018443992888,0
-0.07494549138974747,-0.6023182409171337,-0.6037822819430448,0.7357988052948646,1.808228727543325,-0.6159196049823312,0.7706666510341861,-1.168233410098643,-0.21003949653113316,2.4001031960036157,1.2198666041433623,0.4120258641123344,-1.1231114337737471,-0.38835909516669126,2.4902975890525814,1.213869916280652,0.25979094162294103,0
-1.0708202126518684,-0.8517416224224117,-0.8309990237634935,-0.07701910048334104,0.5580136349129027,-0.8267096927028273,0.9974275988807892,-1.20469184713546,0.22726897454113051,0.7201135947312403,0.46299411543280683,1.373618554251372,-1.1173202421968385,0.4300590762583252,1.0971899870776463,0.8002263479991617,1.93127789157039,0
-0.9644253003775042,-0.6945205655805301,-0.6883034675836097,0.65077120560117,0.2801600727039563,-0.6784053633923265,0.9926891231200506,-0.9815665371941783,-0.037477818878124576,0.30460183224053394,1.4210314116510767,0.05678696949254558,-0.9819534180520959,-0.08629400516701047,0.31858375914599607,1.722966350234509,0.0065623377559109915,0
0.44272870767959094,-0.1642183896808944,-0.1937203571862259,-0.11232348167413911,0.8449041505670188,-0.18229683663728335,1.0842456761659307,-0.9820453812445579,1.476303115172378,0.822986601809137,0.8897179945935071,0.6064618609801711,-0.9983440221516753,1.5305446605354387,0.8040171156047691,0.9037564917241127,0.5283445333826894,0
0.6127109339503841,0.04248658210701956,0.004608646812405446,1.1690097863981115,1.0298052277995449,0.02478314943376285,1.1813851772692499,-1.0156114993932097,1.5593780146532124,0.23057615711426444,0.7911469328883686,1.0611524513951458,-1.0123809634622973,1.7159261448775003,0.1818180062302539,0.8645573008053411,1.1159095035286397,0
0.22523399520521917,-0.7352160416645869,-0.725411788429598,1.0045166885640016,0.6467224979437651,-0.7471885782258292,0.9153643983622095,-0.9233954535880099,1.0302928485773835,1.3466665495755468,0.4860765318864725,1.1202554640389093,-0.9535020897126509,1.0859052533413105,1.46388356833544,0.475196512718435,1.1615713170837325,0
-0.18687030263912902,-0.13930639637226527,-0.1699827280334457,-0.18760499364209685,1.5525346581688815,-0.1586389970495646,1.0469321481390372,-1.0900684583283156,0.7574661034326654,1.3197118970488344,1.107677736388644,0.028681301835097334,-1.0622340758424398,0.7893124868891579,1.4528167365769389,1.2462200284924887,-0.07178125235215094,0
-0.05362137289965464,-0.30409661693396245,-0.32616537368029147,-0.6683762164914941,2.0398070751199056,-0.322383699525461,1.3123050375415755,-1.0178154133047228,0.1808665621925347,0.15767327465919526,1.1290902781115935,0.8897542381833924,-1.006052946595297,0.17611051386715346,0.14652823987154212,1.3663551895850665,0.9949171001065032,0
-0.4303613333608247,-1.3202956532751233,-1.2455879420969282,-0.9193513212858959,0.645534360532256,-1.3162503926235625,0.7487524411258902,-0.7779784994365988,0.6582644207568321,-0.2447090892396786,1.3442346843609572,0.3213458462779722,-0.8635594443536784,0.6283200005228201,-0.40235010450277686,1.4623336680857224,0.222373014784704,0
2.1625579587486565,0.07668279031962137,0.03771912310756551,0.10860607182122724,0.1612145842481346,0.1548151575287092,0.7079897761654707,-0.8884162290624302,1.1427736623788458,2.074748099180064,1.4649597842103563,-0.2539230335061581,-0.9792060495978792,0.8325740581345128,1.76569786084844,1.1706818396722416,-0.5864732277708214,0
1.4678349263197248,2.6069671649680206,2.7239287069005114,0.7882678245334955,0.8964498593988918,2.582310161566675,1.113588398562124,-0.5806683810791072,1.5795506604307363,2.09372830503447,1.914848227665088,1.0993737592995716,-0.8975843943808913,0.7124140542596312,1.1161500707936023,0.9530562710519775,0.2627323528653685,0
3.457627663709292,1.7414413820300307,1.752602741195801,2.366989582448502,1.82625022516832,1.9327208321559053,0.6812288125252509,-0.454264573006675,0.23562620223513933,-0.09003975534433023,1.0609070441181097,0.45014350865995567,-0.6557699446681114,0.14355337613337646,-0.23237696630108787,1.1102758941860895,0.35669482938887526,0
-1.666376038234205,-1.0373531822194773,-0.9971451861848395,0.37456660588229185,2.0649954512769053,-0.9629419545508643,0.4925012862673876,-0.7789563337185851,0.7632053804813275,0.448736130342991,0.9850233561079584,0.3176530978302162,-0.8557211046328788,0.7930640622433687,0.4322572334857738,1.0935366980738637,0.2573450019839145,0
-1.1207125146012102,-0.5111827465974595,-0.5196306862537935,-1.363330569369796,1.1238417800460148,-0.48921662618819184,0.7510761343297091,-1.216248638837271,1.4560545861664953,1.1000932757320636,1.471361218722627,-0.14753151263692385,-1.1540628086591511,1.4155395469288168,1.0360180867695052,1.4871693104022399,-0.35578063991200776,0
-1.6491114587097604,0.6213201715283115,0.5765427569400955,-1.1218364131017327,1.3103810483313487,0.6595476155610664,1.287268496670189,-0.9504994122230431,1.831926844108512,0.513966342257984,1.8892613748097773,1.2356971717272496,-1.0393477840026424,1.231630710528509,0.033440850441536066,1.293736045993901,0.6405211530989932,0
-0.4629160609310204,-0.3971875301168178,-0.4135197385812655,-0.9953134982534468,1.423546513958637,-0.4067032630972163,1.143582857747429,-1.2214929043004576,0.22292042028706605,1.0348633669966167,0.804790291031798,0.9276373941515554,-1.1391996578350545,0.30815997160481357,1.3331715332885279,1.0909517759186202,1.1666287042035957,0
-0.4973064502902656,-1.7053085794719989,-1.5742918026530435,-1.5673739924160812,0.5148190000203712,-1.6930983742712151,0.8996444703529479,-1.1638035156681195,0.3264185523928815,0.6946626403884806,0.24827918155749343,1.2111125995026106,-1.0757271790984495,0.6721086552125619,1.2053678620549635,0.626877964531819,1.8987369977874495,0
-1.0881021374692494,-1.0989378671608288,-1.0517170881298354,-0.02148532252842174,0.3949549058237066,-1.06837721059206,0.8989461098733417,-0.9361390724737957,1.2226586772814283,-0.31375546017322303,0.08600183072056188,1.4029520981925465,-0.8979971062228184,1.8726542055308464,-0.23048952002778933,0.36253675361983045,2.1176332586153332,0
-1.2882077609006597,-0.533242751690788,-0.5400556705169797,0.6593499584246691,0.5148067035890894,-0.4998177673942366,1.070142004420837,-0.7973550374644077,0.5460614286301215,0.6933106101816533,0.4642674223122618,1.2407618767375932,-0.8521391747970881,0.6232576849767089,0.8073116752979945,0.5501148910187781,1.4302479313736964,0
-0.2870080268151639,0.6387879585430262,0.5941815871656421,1.4304636359875225,0.6638157887046711,0.6091868992052963,1.1293824971511837,-0.9303372255852976,0.1494194510616638,1.1160633395183626,1.0898252522164076,1.5819573424956679,-0.9850226347973025,-0.056464587675409725,0.9623685398039951,0.9504217278891991,1.407157793109455,0
-0.4385051301591355,-0.7522223048850328,-0.7408832834835185,-0.23562289085935492,0.7328542792695051,-0.7568571246072133,0.576226761669903,-1.1223453125797487,0.8328325264732733,1.6632660853789774,0.6308272034109015,0.4106576626391952,-1.073654745150153,0.997565284671567,2.0286691812964195,0.7935832230381231,0.47065831059747587,0
-0.2530036320089297,0.2152524665750333,0.17276087088882,0.14525739739606508,0.9464192155982263,0.1915389055249198,1.0715460149997666,-1.2943594532445235,1.2342050576035326,1.6508713703383686,0.7907572713704392,0.9476754412425749,-1.1992110720091196,1.3039333722280788,1.7989573634809193,0.8287967769207182,0.9507437494404307,0
-0.41297433639093895,0.8414459289357339,0.8004482434501249,1.2448997331875007,1.3425628996991812,0.8113381280286052,1.2182714367918357,-1.0788547383793663,2.3116630487841574,2.6790780903314406,1.9502442794981394,1.7759863567759508,-1.1303570492006862,1.2226823440613075,1.507687365065053,0.9112990455113781,0.735511125807083,0
0.2964440894279047,-0.21792029556108644,-0.24473701344706011,0.9648472909884299,1.2680936924970727,-0.23713419121119347,0.9809366402487306,-0.8684881205638598,0.4894099684161746,0.4687868522100543,1.3293168436369684,0.7076799299560531,-0.9383570938980118,0.35074418415228464,0.32435399004188636,1.2995656534306148,0.5524922340014662,0
0.8975385155313389,-0.490677367579474,-0.5006133242199152,-0.52301155891903,0.8578303436660816,-0.49063676543265294,0.9099950081013657,-0.9512336186272482,1.5700978888666408,0.2533661792649617,0.8508934508054837,0.5820842648389264,-0.9668766542792318,1.755512464824323,0.22383894719292105,0.9605879787080639,0.584638800190462,0
0.3468916477383177,-1.0909314856995904,-1.0446380297573232,-0.2481227406928346,0.620238096690897,-1.0963284912484517,0.8795131781848264,-0.9686755541193716,1.7423748811068955,1.1755140826763615,0.19057710427255894,1.1575434292824118,-0.9715886561083629,2.0359295735888856,1.3792958306670966,0.19686383568403373,1.3189486077976078,0
-1.0625093940013461,-0.8597764567607634,-0.8382431817556172,0.24506054975381472,0.7922128818200133,-0.8351044718571667,0.9368158007785313,-1.1282299397123456,2.05375571880968,-0.028122555943637665,0.8093218484023035,1.2023313717091717,-1.0876971649213887,2.2799479207885156,-0.12312686760857076,0.8826328583127755,1.2736787017464848,0
2.033389438044922,-0.8972419551495793,-0.8719597797952284,-0.7445153639742504,0.746223273886194,-0.8097836331671471,0.6937283691468532,-1.0050650452961964,1.9210626024596011,-0.09984234931182943,0.3221210796305232,0.8094727074401666,-0.9691304837168546,2.610309888109774,-0.018369239499824358,0.5752020183937196,1.1567674442078164,0
1.515339268912731,1.8597555078701837,1.8821604718609348,-0.09041747286552096,1.5023289408096432,1.8510550467541895,0.8399085569950163,-0.8185399278392861,0.13836947394124,0.18816108996852068,1.0926031157412162,0.5462989257493671,-0.8727192575368775,0.11261862014388692,0.16901836510976614,1.2958231741301738,0.5711653100428836,0
-3.49250257654265,3.9627391306463045,4.355080053616987,-4.577492070375182,2.2117257241320862,4.120010171464505,0.8407851309842538,-0.8560125441036915,0.7172322694594453,0.04603317621495236,1.104305779799365,-0.43087919699927146,-0.8750628176308431,0.9342206773128993,0.09762202349819538,1.5010611820893929,-0.5055248161923475,0
1.803215241998105,-1.1730500900865595,-1.117023818184706,-1.6003673867991772,1.0862252238110357,-1.1014579281792636,0.885638277412324,-1.2610883182836305,0.3780178291691121,0.13800546041391884,1.418061312691472,0.40073182081280956,-1.1706496570118872,0.4467771747465187,0.156020181953909,1.795694038767567,0.45731620826248953,0
0.770627413049326,-2.4325945574222323,-2.165755956730121,0.3819230872409488,0.629507940246466,-2.4059653883380068,0.538392842638615,-1.2090291535934803,-0.04263507751314192,-0.058304351023682116,0.43332571587894897,0.34926069545401806,-1.0858010194334082,0.4205060900727375,0.4157990955126465,1.3160770165420732,1.0748921582645055,0
0.9554385906573827,-1.8074092299716893,-1.659649132560186,1.1445418595440653,0.46090484446126173,-1.7829791210399204,0.459090421742671,-1.1621470215237317,1.6022711046219833,0.3584194538682378,0.616665024790067,-0.04271161942945478,-1.0820684238581113,2.294514181432227,0.6459286654943673,1.0552485624783452,0.09842162499596342,0
1.7171005054099655,-1.1266334971092349,-1.0761689250511581,0.12490817312590598,0.3690085402438723,-1.0636096420722871,0.7717052446236798,-1.1441868898809708,1.4696326022481347,0.4720993928568334,1.135922965998539,0.3881083804054266,-1.0989675906720373,1.5967961696243005,0.45398579824106033,1.2684077621426746,0.3326424385103798,0
1.5179475917698269,-1.5153523949301733,-1.4134662517164738,-0.016811412566270546,0.3607015717595129,-1.4607344570565806,0.7767275636472728,-1.2391242041906858,-0.15979462309001954,0.36794150311579776,0.5711498757315238,0.18788092670994272,-1.1209329746081602,0.15650330866692785,0.9874852354052157,1.4006802347964449,0.7091813617100446,0
1.6274594749350961,-2.0121938888795774,-1.8285632626710164,0.6213830539103951,0.5271783414957018,-1.9384338879768852,0.48632473641237534,-1.2324767329889168,0.701812318014164,-0.04018949974979778,0.25796140399280504,-0.11820452864168363,-1.0991700623496006,1.7535035153885967,0.5417757672455956,1.1550550295645388,0.42732484271943466,0
0.3210430159830607,-1.3229644521705166,-1.2479035758558281,0.6749633983787368,0.8998192863827519,-1.3251618683721786,0.747443336110909,-1.1103828438989787,1.2651542524895316,1.23511597172922,0.7917673910085778,-0.07202100018599693,-1.0640006362299976,1.5380517007555201,1.5218673797480242,1.0158937618851922,-0.10114004499713589,0
-0.12379589295908619,1.0239420914728854,0.9887533282241565,-0.1855634754779856,1.4063358788932065,0.9861901251789907,0.9188304173520018,-0.9381803798549435,0.3653807961710311,1.332660492662684,1.107496392256017,0.16447029523813142,-0.967505712236619,0.30082082669195487,1.4070293687027486,1.1847970779567312,0.048582928964266144,0
1.6006333070257535,0.2653500201193164,0.2219271029945352,1.288835679320571,0.7508787752199569,0.29162871452314426,1.0249149099095434,-1.1370765870514432,0.6095548457610759,0.7026441343373067,0.8777777221086268,1.0138702897878207,-1.086818286932224,0.6951651314906266,0.8144345090204639,1.0660846200710403,1.155521087348247,0
-0.642588847767756,-0.5415967361594621,-0.5477812318626132,0.20687188576653806,1.0082631308709022,-0.5428906378574586,0.9728793052860334,-0.917724726995435,-0.2220674481084911,0.6187874590506645,1.7688622458582652,0.11887963299207971,-0.9705881922727067,-0.4217208372982384,0.47810436380787225,1.78187138718758,-0.08815347132689749,0
0.6579842596044526,0.6432375061566031,0.5986782552222907,1.8361485374690272,1.7501994368089764,0.6173333306769496,1.1570561619296769,-1.0090572042735309,1.1757929201385435,1.1103674028113686,1.5275629532818606,0.4956074159467737,-1.043789074052549,0.9082810189501558,0.8430873257791328,1.2912641837118668,0.18381931894616788,0
0.28445982222650334,-0.11718655665760291,-0.14886774989131113,2.7571170172483885,1.9496135057206923,-0.1380379277293574,1.1974495324741095,-1.0682222788305853,0.692647484255364,1.4646043944784521,1.2379365999911287,1.399008975245095,-1.0768742384817624,0.4352896395750027,1.2214838500224623,1.001567197850916,1.1048588711124272,0
-0.3513848201898804,-0.523874610239419,-0.5313861965262133,-0.4768889815506417,0.04526745910713258,-0.5342714312424082,1.083703001884182,-0.8147321935001934,0.7265086960280208,1.0973757039118632,0.18168353549463614,1.2142492762046668,-0.8528407476077194,0.9028857371466587,1.3756975986893698,0.24971806397647411,1.482385990938938,0
-0.26407375870921024,-0.08939497482290731,-0.12228818047249214,-0.9351172359246394,0.20341940353666227,-0.10825472707100782,1.0998675607649449,-0.5542868038399642,0.4453978707819778,1.552247835688511,1.1317681737473482,0.9100809518510082,-0.7938377232202638,0.12683449102978547,1.2121142300512637,0.7953325613008664,0.5341478419688389,0
-0.29738618390522864,-0.6227235398728702,-0.6225410104385876,-0.4293805825810033,0.5916986035908137,-0.6327621592849124,1.062480023984864,-0.7184585672467667,1.0096408715761414,1.4111276460131024,0.46463196250923183,1.022350737944305,-0.8331825429823466,0.977072264033171,1.4353976524930574,0.3736213586486076,0.9599130722989889,0
-0.7635080015513317,-0.06724303579677907,-0.10106202222126845,1.716859989877031,1.4830511494679974,-0.07143550053562125,1.0387739580396735,-1.1818619591157864,1.371647790608394,0.9673850744320717,0.9595398229239518,0.3327088328248969,-1.1207471239889009,1.5446547426463413,1.0835554227974054,1.1128592516054805,0.3087450825789703,0
-1.1109576386424498,0.9767524111103042,0.9398290997173613,2.689513615655738,1.1401056243181409,0.9718247356829565,1.077811879955649,-0.7643110237991279,2.1008902848261695,1.8419107380025541,1.2067276366154096,0.46017101932543436,-0.9282844875153818,1.6017248878639072,1.3650980826009471,0.7550840655325158,0.0186473280176492,0
-1.8496476581259493,0.8901592827641917,0.8504748752040204,0.049105860836949344,0.4602779962032081,0.9398393456006832,0.8453370428458786,-0.9010713581138979,0.3975513816467606,1.8224512879296768,0.5971171216550476,0.2970722675293537,-0.9252612002127648,0.43731052927063524,2.158721709685395,0.7061530488458074,0.299110465941198,0
0.86190463872491,-0.4071576865746318,-0.42283809042681825,-1.4659878914941085,0.758642825680253,-0.409876676881088,1.0260700165617433,-1.024575565115725,0.563948573964843,0.6998853410090069,1.2182739851403568,0.9901673567418526,-1.0324127191840617,0.456749082554148,0.6059176158428553,1.2124705407321688,0.8891969918413385,0
0.39258252280510325,0.616927930963558,0.5721110038200022,-0.7550295797871033,0.28974717797442395,0.5861741594461426,1.2011665370205007,-0.5746315853312874,2.537016766356919,0.8053396102844479,1.4759760393297274,0.2118833702511468,-0.8364014515167723,1.9268805691953106,0.3345752070108297,0.9538292878193997,-0.2475597039503219,0
1.4088499308340472,-0.21134969073238546,-0.23850623334397208,0.8180119401416744,0.5684087953652005,-0.1892320249990311,1.0975766390877093,-0.8673358494666055,1.825019941148302,0.4813384605642724,0.7014983243115848,1.4025014854983748,-0.9379918534396008,1.7868953228643016,0.33607985360374737,0.5824602991807559,1.2959283825188794,0
0.7057458541649543,-0.9756768115242805,-0.9422152366704731,0.5711236062341168,0.6992060981394813,-0.9747714849638225,1.1199493265900586,-1.1673063827556236,1.0644578320958786,0.46303791602163646,0.48234538855438425,2.2497743367748977,-1.1103565332934506,1.1941702195462012,0.4914411817790812,0.5312639103665623,2.556384397750894,0
0.6447773023452403,-0.6115511343580315,-0.6122738988079495,0.6516024846737282,0.29297222083226176,-0.6182028713817374,1.0333487645156159,-1.1028836988852855,0.46020974405605425,0.17061136289200637,0.9294389234885404,1.3184952988867935,-1.0621912122446018,0.52740776846644,0.17974840216834864,1.1457052400028578,1.5329317017395356,0
0.9239310275706506,-1.252825081298465,-1.186873519890267,0.7575159534949808,0.3886906053296093,-1.2391278421824876,0.853539747900864,-1.113021983875472,1.1001729589798541,0.25224254100537924,0.786420442711502,0.7088615937277131,-1.0610856106287725,1.4004932079977757,0.3512160199803324,1.0717655954722844,0.9006193829979269,0
0.8452342941003177,-0.33049689031947826,-0.3510028869903832,-0.770260702779907,0.5881029364707655,-0.33508526145000594,1.141546527104127,-0.9279501878894497,1.2852020067268393,0.21872796856163834,1.370286688393162,0.6647297002897226,-0.9814071880310359,1.1548959968174612,0.01783067338091514,1.283813325161809,0.46320599403066237,0
0.3262771774778921,1.3195110279539068,1.2988751634681555,0.4799617263834908,0.020248874360215465,1.277312111422463,1.6242388984648968,-0.4773072800791962,1.1459092018965764,1.0231768423051852,1.1549319102654356,1.4299247754679558,-0.7775293529612579,0.6901465436320161,0.5692623992470869,0.6821717760314107,0.8996667628158912,0
-0.08750424947298684,-1.641736844628043,-1.520761616972127,-1.6628394429399833,1.4296832527910515,-1.6394814286823003,0.8915689337434737,-1.2394049665168658,0.6003686707633488,-0.14941963737258895,0.9507252255520363,0.8832421861918879,-1.1464812994885818,0.8732899498121607,-0.09582704503735162,1.413471163439588,1.2296688020791826,0
0.34070273045664246,-1.3041009011989706,-1.2315251366182223,0.3535065274212301,1.7406026336583047,-1.3063388980155928,0.719178562908049,-1.2569950476805345,0.2772926450723169,-0.4984272971762005,1.1819982235001736,0.42572017407733315,-1.1547601522238824,0.5338850664380648,-0.5113467538494848,1.8676570386449813,0.7318872097184821,0
0.6607880458873253,-0.20849868260372167,-0.23580169831532055,0.6804827144727412,0.8210596018818042,-0.22101927901571786,0.9223139920061771,-0.7406569508069413,1.01825779548014,0.7890546544465876,0.8604438597444884,0.47053644970216324,-0.8442750639743122,1.0046970017282044,0.7533521422855649,0.8553605775991808,0.36609176787772874,0
0.3337257002545244,-1.188646339689328,-1.1307160888398375,-0.24135348035564605,0.33305954903541357,-1.1927276064990333,0.860301812063752,-0.8381854363353249,0.27935362726232127,1.098726475767646,1.120626186892093,0.5483171561323619,-0.9135711722984646,0.15157095706654555,1.0567694743562694,1.109495707928217,0.41525223778697695,0
0.1812281762449336,-1.380842687869577,-1.297995125183696,0.2308067290453208,0.13858273515115543,-1.383313637133737,0.7495995775919835,-1.1443366948538505,1.5514869645460794,1.3058215538404025,0.7241628371870953,-0.3521947349200577,-1.0834687200683681,1.9625798145598454,1.6813678536187222,0.9915242033938269,-0.41200252831945783,0
0.689866161894425,-0.36279039155120274,-0.38131576624638647,2.31918404224179,0.6155573950853046,-0.3720544755733664,0.8973381614019246,-1.0975702281592004,2.2295863592990344,1.1969083404335883,0.530938369776951,0.6400811551136052,-1.0676540407875579,2.47571613675952,1.3034898333544416,0.5404673110836553,0.6250448735163608,0
-0.6715609791105508,-0.08363994510345371,-0.116777102610449,1.914440868166682,1.4683055016903603,-0.09124575111098411,0.8650850704067442,-0.9783625609149631,0.8105424528551121,0.6101391139280681,1.5806936479226714,1.3237758695830464,-1.0312818892954088,0.4985563889273527,0.29262107748856586,1.2815597378196297,0.9565655201203078,0
2.3420495895595135,-0.23054465040909447,-0.2566996269242465,0.6708929368758403,1.186432752964545,-0.1263722639895499,0.47502190255367266,-1.1555020294419844,1.1366159918528063,0.04106214908203562,0.3662640351623724,-0.4069376704749067,-1.0414735810148608,2.22252192971583,0.5320285015726681,1.1412995635546255,-0.15860701626119242,0
0.41593793034392806,3.5607966637345725,3.8575373510722955,-0.9357806001287655,0.760211416184174,3.485612492351981,0.6872259568826911,-0.35013070257829626,0.2987069618446456,1.834392568487821,0.9596979781318993,0.36259594228989184,-0.6665776964043462,0.014386965225178702,1.5540751821932008,0.6675996242200297,0.03576114744026342,0
-3.9844501429863657,3.6403599376039066,3.9550904881588504,-3.299633846681245,1.093379852697845,3.8780304782322017,0.6616890132510813,-0.7730861272258784,1.4165967203060044,2.554293894449332,0.6266531048926594,0.20483601693312922,-0.8917101543805537,1.2583210397546125,2.4732210606584104,0.42473029657754613,-0.04251764004615154,0
0.662097356446323,-0.3774810133224763,-0.3950802528112928,-1.791117908108774,0.6888804109864971,-0.3873163991430998,0.8207957004601759,-1.0266306949084858,1.973487364892502,1.4711619802220077,0.06825738812239605,0.9336538912737392,-1.0055772846009692,2.392858906260638,1.8079282961415586,0.08431853536972851,1.1128321988649583,0
1.2070592214706426,-1.883934870975833,-1.7231277463380477,-1.798065840162932,1.7902718173479957,-1.8442069859554753,0.5633598785841043,-1.1287951727533485,0.1697519993996056,1.196927261326183,-0.0161017962436858,1.3879310732150123,-1.0453920993397734,0.47449308731875295,1.9463203445167716,0.26049573786581465,2.1801660107360203,0
1.197342453920646,-2.341877366778051,-2.0940829627119846,-2.5270241249038614,2.427046712714063,-2.294424518131923,0.3295866861941694,-1.1112119004850485,0.674289943576273,-0.0049985754221043115,0.05062663529569133,-0.07794014735413447,-0.9762395950451537,1.7725586098137094,0.646002812958299,0.8430366982458424,0.5383338164486948,0
0.2443525034368475,-2.116746922751493,-1.9136249675320844,-2.440016380250968,1.2846108959467077,-2.1077043871553216,0.7528654327338534,-1.246360746561325,0.2892946949412584,-0.7288998894030229,0.4271955286528723,0.4726430380737971,-1.1138138469133034,1.0465620959249462,-0.6318815075466138,1.428809278254369,1.3865693032463748,0
0.5098498522989163,-1.6388720110242534,-1.5183423716022937,-1.3775773338903823,0.5930477748954978,-1.6329576383257776,0.8289070227293671,-1.150156065652208,0.6407760519391027,0.5450113840791473,0.5957445689136954,0.5560272477223202,-1.0730635483008542,1.0076368785813,0.8959324458444472,1.0223015289786084,0.8922200123311855,0
0.4767108251552422,-1.1423536482223955,-1.0900230360105467,-1.4784015467336231,0.6915199103507871,-1.144807730611542,0.5722027598578355,-1.1337583131791418,0.35611927425251844,1.730603203990343,0.8444623303656438,0.06588071587334977,-1.080097888669236,0.4364844643001454,2.139450662038817,1.0882659021467713,0.06878424191653887,0
1.6132140068862937,-1.379427764995148,-1.2967734687539312,-1.0283190037248053,0.8376518714235206,-1.3199244098503642,0.6932008961860336,-1.2620310934742518,0.17658459710506524,2.266240868368765,0.9628971130216746,0.1646498647091819,-1.1741145179366375,0.16020445201424208,2.6575796283373925,1.1393613825693518,0.12659645830362254,0
2.555216516816282,0.9459166881723262,0.9079475522513111,0.9586381180622677,1.9203825674067312,1.0447367251560389,0.8199653017925752,-0.9200060051778997,0.3712300536329837,0.72357474313978,0.7605808658590973,-0.303151446211147,-0.9016803721785257,0.6136209477440463,1.0943238381547102,1.2054966480015878,-0.27302216616806435,0
2.705517943164294,1.3333971735261063,1.313601480177472,1.859556864991136,2.0466685444622916,1.4394674813242514,0.5366670154437598,-0.9436681540712583,1.3777249830074225,0.9241059000182062,0.7357596212391206,0.29043937795146435,-0.9589486206973482,1.5592325857316096,1.0385931978001108,0.8430848619740788,0.26424699422526127,0
-1.2454041271714296,-0.3397270182977501,-0.3596746645891582,0.4559887084857845,0.6878843869984725,-0.3128645446986344,0.9217214094815576,-0.8733370475381899,1.5535357476930105,0.8914082062227349,1.5506745595926816,0.5232350047565771,-0.9761338770005111,1.1885802565652968,0.5412283358666352,1.2048268695962794,0.14423924700356958,0
-0.7476459590344983,0.24231751754162034,0.19930008094152976,0.6697951669461317,0.25202024180107907,0.23239365968420095,1.268298569377031,-0.7724305663167123,0.7726835162008036,1.0318223569694416,0.6977149752943144,1.190895986818198,-0.8714803127611045,0.6943313077895259,0.9852388819145993,0.623115627985208,1.1198626947875456,0
-0.5786266091488009,1.0226102527631213,0.987370311430103,0.12954616574819458,1.4364824306851152,0.9941596668487216,1.2127386283900647,-0.7606629638819536,1.1245076133837186,0.15407233689836874,1.7359322404160407,1.41794502321272,-0.9288630104209045,0.6733113810038878,-0.24672479483573623,1.2549137467359939,0.89210680214119,0
-0.3605083156442536,0.13986735835934114,0.09912160841479284,0.027236272939669754,2.2668299646382315,0.11941460182333884,1.117244889675376,-1.2186397651227465,2.184236773931374,0.028911561366480282,0.5967817918407481,0.5720285282386934,-1.1329124060244855,2.862252662567523,0.11570941857268136,0.8957699906245347,0.7972554556251016,0
-0.27208746861800964,-1.0614621523511865,-1.0185417118604088,0.3074880984535701,0.6022888796092244,-1.0652607151689788,1.0335952333177572,-1.2235652490063984,0.9953754067402134,0.29157789109522103,0.8443598397451562,0.6803150151361783,-1.137836705381231,1.321259832398681,0.4375863127587584,1.2021464841347904,0.9118137403944502,0
-0.6789335794117034,-0.9275912769426787,-0.8991973279630886,0.6796627139155911,-0.09790877449072208,-0.9211834079012263,1.025945828638588,-1.0695425075918743,0.6523029294701936,0.9143187588551753,0.45650211789185996,0.9540958609883894,-1.0242208945375613,0.8975970401414655,1.2486450272825436,0.6948719889239627,1.2688608692272678,0
-0.5615561718962225,0.2528796158447566,0.20967144082802397,-1.016289635063574,0.6398730249201745,0.23607310471057893,1.1046674918922235,-1.096008414556037,0.9474818469916918,1.3500220798933569,0.9849913150122904,-0.2398787950731985,-1.0586005563119447,1.0969023248144245,1.5965689343698968,1.2000774812321915,-0.33333491563233286,0
-0.41954116518119017,-0.1778019085353215,-0.20664450284622196,-1.5431184627341166,0.903491181565871,-0.19191577285203745,0.9884970223033249,-1.2261186095856043,0.8702055801786754,1.1794206885272223,1.9144097316627622,0.92392001910124,-1.1749524610731514,0.5049078365961779,0.7993094791560577,1.541561432317231,0.5081219338905028,0
1.9552620140844819,0.1602330707634111,0.11897487259765545,1.1579445497534135,0.4073129107151629,0.21704028716429405,1.0463112516894884,-0.8278194749503521,1.9591714569358292,0.16803435322290636,0.6548137782011639,1.1658755324739372,-0.901561874942074,2.04241100324715,0.04563772012643815,0.6060490278489095,1.1299274785168436,0
-0.2133206755831176,-0.9878761295080446,-0.9531021186686799,0.3479828232793276,0.10087750926344155,-0.9938656827275779,1.0227236536654039,-0.9677268280870883,0.4232958061344933,0.2945727946819884,1.430171497599841,0.5172287017511479,-0.991999261055802,0.33247601491527246,0.18483327565514554,1.509087198617414,0.4074774202521986,0
-1.0863952997150916,-0.763631786966955,-0.7512512868358406,0.6250552745231138,0.2569398751018651,-0.7392315145663951,1.0030014612924851,-0.7891097917592717,1.322389225762252,0.38885843875639187,0.9555515036418214,0.8643560685232193,-0.8865724695520043,1.2649789660395976,0.24787116606442752,0.8902395225291789,0.7351167743677435,0
-0.25378042802749773,-0.08774071001049029,-0.12070428583692498,1.147056183624779,0.2972671906951823,-0.10680699622894589,1.1120379410472956,-0.8244177937513892,0.9623394035753753,0.45031667624625044,1.078452483756749,0.38131906842351027,-0.8960094795849886,0.9567980776051748,0.38164861197547606,1.1290903217706196,0.27845968769329743,0
0.5882528982198997,0.2295295799856433,0.1867539497924001,0.881146418820043,0.4048901949661234,0.2083326103018586,1.4385895048894775,-1.0007844413972078,0.6617362380654355,0.6446241284096446,1.8443871783681967,1.5741309293134345,-1.0561398427992439,0.25616643333857975,0.22813259173246705,1.383142247173633,1.0552633665004352,0
-0.781554600570259,-0.12232368084253638,-0.15377468097594238,0.9728187396515325,0.6252666424690654,-0.12483606389352647,1.410942262149852,-1.0826924224937915,0.10351767507117667,0.5988866825043067,1.6413553231667286,0.8930270979721068,-1.0758386596561236,-0.09318112869820533,0.42729727726604955,1.5887059043579368,0.7053675856197632,0
-1.3748705335041935,0.8041248485752832,0.7622379228333018,1.439426803208944,1.145433062013127,0.8184463309679362,1.3498104765419845,-1.099166644750543,0.7090540649435308,1.7012944851039398,2.000580561077344,0.8521892795512763,-1.1138568330819558,0.25196059153833916,1.155899769293551,1.4484765121625935,0.32827391882114326,0
-0.6599211444446942,1.510383574042325,1.5025263232135309,0.43125761777738625,1.37412093610298,1.476796293291724,1.5711357679575029,-0.7434624964545078,1.752919531691068,0.09844238133426893,1.9990516373307758,1.781076727727749,-0.9509994648638793,1.0146697657452657,-0.4147210285420391,1.2217618527665162,0.9748161021768648,0
0.41663984480755006,0.26224544980488473,0.2188749351157001,0.4035507129355473,1.3384368944609304,0.23723854344991235,1.484162994433505,-0.9746618738166427,1.6850058726568125,-0.15305696354632464,1.3520012629427052,2.4407952484842044,-1.0366330056905655,1.2735428290306352,-0.5038123077842767,0.9589973926548697,1.9417392514286738,0
-0.3311407963501881,0.3289433604664131,0.2846014793948379,1.260769015020837,2.1704551922667554,0.30494827306297356,1.0133180740155607,-0.8094845845399568,1.7797154695467161,0.061831564924694854,1.2105271021562052,0.969830047667065,-0.919761613058505,1.5850324193480083,-0.193345167696239,1.0201392429297058,0.7129622377882262,0
0.7273658674086476,0.13445718111558902,0.09385264119093005,1.2921215880418693,0.6489171732448252,0.11847841739821638,1.37798235270436,-1.2010724091653355,1.6385926413529412,1.528201881118513,0.8718094582227328,2.0170012500621586,-1.1547288618693359,1.3844001716340477,1.280509848025547,0.605796610756799,1.719706139374759,0
0.3289035632661497,0.8515118284078107,0.8107713481185558,-0.3542686130940622,0.9405145581402018,0.8164291900924614,1.5307185466521995,-1.1191849996886902,0.37582573888388504,1.4028234702101046,1.47071466207124,1.5903194486322816,-1.1110751680172564,0.07364683933345385,1.0885654976793764,1.1721587812112297,1.2224847020404566,0
-0.14147767305738027,0.05647600582728226,0.01814361285940133,-1.2975670196170501,1.516488333746047,0.033582158276593325,1.203536982180278,-0.9102896903943557,-0.26558335957438717,1.061687644086726,1.427784227541678,1.368740529096606,-0.9811119723388383,-0.5203337568433051,0.83708844867124,1.2403392369154105,1.107309315431811,0
0.4928779197421603,-1.0315887048646029,-0.9920229868027064,-0.7222400126064361,0.951828206147417,-1.0354169385319896,0.8853062473161148,-1.0790858556754905,0.8918028297779026,0.1997990191379131,0.6713369643750691,0.6073244676507735,-1.025636024600618,1.2622638177510583,0.3711329140757675,1.045712433125193,0.8863238084601917,0
0.889906239009482,0.04931093299861236,0.011209522824085057,-0.8148399208521714,0.5337330942316966,0.04026806474926283,1.1405177563781705,-1.0563112563355816,0.9663878158044329,1.1598631837923419,1.133812364279654,1.067512860828749,-1.0602497520330059,0.8137457274913302,1.0234330580027102,1.0147799597135228,0.8830305455366727,0
-0.1443694984382649,0.27468531227359044,0.23110905189591516,-1.0446208602267926,0.7929591318491399,0.24851453145600105,0.9890185983309325,-1.0259370485957378,0.02639355946536857,1.881313817232861,1.1606363826166592,1.1560289073711614,-1.0448832736862774,-0.19609898124224467,1.7518794739230588,1.0067003465256044,0.941083573735185,0
1.4385177566593537,-0.7346935808846442,-0.7249361448397447,-0.04011104686725639,1.2047738521267404,-0.7009023460818182,0.8063573133084373,-1.002917775113428,0.36108230900464666,2.388714886069271,0.3518020801518529,0.7079770542474765,-0.9941612656678225,0.40105680797332405,2.8580068113924018,0.40665647449612474,0.7947031667334711,0
0.15261773567279263,0.4110626160943411,0.36596973932864135,-0.4550397692162576,1.4608243075523892,0.38147944334884293,1.088934103188125,-1.0811309118496584,-0.001116280840089005,1.44159858033712,1.1602725890053505,2.349825966081294,-1.086423456884542,-0.2783657891995473,1.169468970794617,0.8907435413486682,2.024233474464751,0
-4.30966644020717,2.765089286219807,2.9072727985649855,-3.595672094593076,1.2254370790990397,3.087347299597025,0.5506821769062922,-0.40727237876094624,0.7722575881759624,0.02111630530584052,0.17886763058524713,0.5383917333041535,-0.5334951095360051,1.066557771038745,0.10864737254509843,0.3369100815021617,0.7587961286424444,0
2.4974724850724406,-1.3116670094723941,-1.2380975870187445,0.22971473033489692,1.4117209014219212,-1.1607943132519507,0.33649915881583103,-0.8105105151524407,1.4102913669288748,0.20231082015162952,0.6148545620339059,0.02442218474386237,-0.8392818330570504,1.8206471415142678,0.30853373875752377,0.8754027806979261,0.0721488230487961,0
1.1026695945530003,-0.7920385872551793,-0.7770238795458808,2.1833179464534327,0.9319531651535983,-0.7775058281445429,0.7830989354168139,-0.9519681743830132,1.1094605612629547,0.5267960007381742,0.652362184442637,0.8325658490843797,-0.9576512420717782,1.3053944429217137,0.61342193999676,0.7964139684305888,0.9541283608639441,0
1.047329222985286,-1.5199655448924831,-1.417403085834564,0.9105636807987725,0.3003823760695456,-1.4958168551589381,0.8203756500886307,-1.2069334734944148,0.23617836892782856,0.5028515912492995,0.8021601803903654,0.8382731776594697,-1.1217024935599542,0.4095828133747959,0.7673453070291301,1.221115581915673,1.1813532086312433,0
1.197486434632667,-0.7928879159557082,-0.7777935439237917,0.3049527354896173,0.7719633480285479,-0.7731871427852831,0.8489288665156266,-1.239824739773031,0.6991674502844225,0.4397957722092488,0.8739696416239141,0.2550856778593452,-1.144154168049212,1.04958144276778,0.7208797421941322,1.3694529552097117,0.46206576459533916,0
0.8815915443257429,-0.0694714928762196,-0.10319896349422532,0.5115084978499548,0.5090458733465697,-0.07690814486591878,1.3043438795872258,-1.2174127592958066,1.5332604208932403,0.6277260652167501,1.2202859971880857,1.512656209553913,-1.160088918797949,1.3755682794544126,0.42756346701370673,1.0745938965866593,1.313673232992946,0
1.6249833787707697,-1.4920633075411538,-1.3935678261022515,-0.32194617461301867,0.45121072849678256,-1.429292474670668,1.0348106173065468,-1.032162155538656,-0.5888233624404504,0.18050183786480212,0.9565308465547685,1.5432403596196378,-1.0068293771310497,-0.708324140765989,0.2351397526066508,1.252169602229679,1.8842096599430163,0
0.40558278126683206,-2.1454777828816494,-1.9368602405036832,-0.9372827903215004,0.5528139214200548,-2.133888214916019,0.4004147222233219,-0.9137384852362311,0.590061257920112,0.48887948991055147,-0.15367389283676192,0.10141795425706603,-0.8111778079400658,1.4447969767802715,1.3171301737297343,0.33980868121273533,0.6939161506322816,0
0.8834159561433805,0.20789956326606912,0.16556003995702617,-0.14086283907055258,0.7251403915538928,0.19604384567593114,0.9542063750370822,-0.7789059221774727,1.7510320825059242,0.020888652832926454,0.7728146518889513,1.285991041265457,-0.878456317608037,1.7436513855247293,-0.1509338211084908,0.6919083964413805,1.20313335425274,0
1.2506328451341735,-1.403731549676858,-1.3177373083406736,-1.4736255826659133,1.0315811628829126,-1.3699711171440192,0.777935529017781,-1.2154136982295545,0.3181800424580842,-0.00879425924622411,0.6461049956746984,0.9816156386895762,-1.117993814546158,0.6485114198679355,0.20538183465770746,1.1920206481315834,1.563682657547662,0
-0.5093596938662257,-0.7170382613608481,-0.7088512155716972,-0.3042201614065565,0.7453920592817324,-0.7201299360386895,0.8835943618228842,-0.9823843531762404,1.9658128218183415,0.5887897767110326,0.9624433286692876,1.6149906694944751,-1.0244658897346688,1.7501003313621195,0.3405695395242383,0.7305901154256864,1.349179180159194,0
0.13513110548601934,0.5655419651580368,0.5203671303329785,1.0885932934073583,0.20262515370987236,0.5335945372941383,1.2360988776822228,-1.033631386251138,0.5468116572261318,2.284526528246743,0.5221186975503005,1.8455100018184973,-1.0445157607927127,0.38637043830141865,2.2593295174236747,0.3507393026221111,1.7284994622037975,0
-0.456233068114195,0.07794218653419793,0.038940159226534654,0.9103371214651556,0.7054925022612533,0.06080308616250654,1.1105310788319154,-1.255197333401767,2.0430870125554423,1.3315971421319261,1.1642200466838244,0.8181834684015378,-1.1834354378615228,1.887548401813349,1.1568549347500956,0.9966843029515609,0.5791676498820345,0
-0.37261034893412986,-1.384340712713834,-1.3010147238161331,0.23642417120222886,1.4383542335336945,-1.3808649764397172,0.6499709142383913,-1.1640579971214242,1.6211561507490206,0.48823853538183837,0.16920184492013698,1.0711367927253639,-1.083924224094956,2.3124227593755933,0.8173191413319696,0.41995009361132785,1.5747020794085578,0
0.07113252550986036,-0.6126265536129525,-0.6132625727927901,0.43935043638908094,0.5796919307579449,-0.6268314062167911,1.199812662335102,-1.0202800866130675,1.0296303010911536,0.16955996809365553,0.6668337449920927,0.7995447266809824,-0.9919087996103354,1.3385588488413163,0.2638473562788666,0.939907933187573,1.0372813182131708,0
-0.5189861211024288,-0.22381886647386356,-0.25032783852344176,0.28216211367241406,0.21672036889006915,-0.23441079140956103,1.3088587165550236,-1.2518968924766056,0.31613561839105625,2.023237466099663,0.8471166980295617,1.6581899854283297,-1.1763290838324243,0.17932202974255312,2.058419096003875,0.7740737922730174,1.602970201810765,0
1.361307016709512,-0.4726772170413442,-0.4838941571528174,0.4529026589020198,1.363387145847824,-0.4488372057411087,0.7444926759668444,-0.9176730162195549,1.0943872758604243,1.5956204269688699,-0.10747483913235241,0.6811067695482368,-0.8990736242209502,1.5698003781619683,2.265468389856712,0.006076827909819171,1.0209827089419083,0
0.004721443309017123,2.856156604149115,3.013692473813447,-0.41488435624105624,2.0247076594234947,2.7898497116297434,0.9325830359614063,-0.21766951653645422,2.788908554473924,0.12733907551666612,1.4147759783483471,0.379862910929166,-0.6682369617297254,2.0385924502772763,-0.33706831071779836,0.806530522119307,-0.14657384136688534,0
1.4073452686281773,0.2108767312355962,0.1684751599594051,-0.3048929801664605,0.2384701344721347,0.22521199434902497,1.2385263681428207,-0.876397528418995,0.9996307965928938,0.3613734113240786,1.4105807093576117,2.3118387727962744,-0.9870467269738393,0.5855653844699505,-0.030231868490278545,0.9734710371168841,1.7645157939562786,0
-0.4773387358922239,-1.0588939840244438,-1.0162644964467367,1.376627904907892,-0.20315278757727867,-1.0575727928656056,0.7409858686717904,-0.770850507120013,1.0278957405394153,1.0619887191646762,0.1557507266244406,1.6169654546846228,-0.8445583316223613,1.132657767911512,1.1852791618911942,0.11296120448083524,1.7922714274659455,0
0.11297191728989049,-1.8019704269685057,-1.6551213718943758,1.2504071752787858,0.15762368763684537,-1.7982721474180465,0.5328178146913902,-0.9935488263609217,0.2005469818993582,-0.15254136420915948,0.2346377297183331,0.19781477881134704,-0.8871877467593425,0.80834545307134,0.2634672341338627,0.9819587559025351,0.8345563109170621,0
0.06898463813375288,-0.743851777031362,-0.7332708045381984,-0.04587171957243988,1.4888639627035802,-0.7560760123819403,0.764032037689479,-0.8101688739052193,0.9977429717971853,1.7763042332967172,0.8781087505096598,0.7495719419832949,-0.9164705173994916,0.8058056792147119,1.6273438575711752,0.6853914761493636,0.5099128709979112,0
-0.061556048799349575,-0.42575603225131287,-0.4402012129432133,-0.3624199865691709,1.4766386818624337,-0.44214165491600216,0.8370060319327942,-0.9175279393780105,0.7853738950184251,0.7891592567835611,0.8887031281104512,0.5373692920326335,-0.9454039684382233,0.8356187516775656,0.847421889374085,0.9970898295956802,0.5251283885433632,0
-0.5469507955642472,-0.3733814044589966,-0.3912406749111005,0.0438087591430238,0.7629298864799446,-0.3807225019263879,0.9939929251030478,-0.8985927380228202,0.09235643468619646,2.5711687310460345,0.9566061706215198,1.028419652879712,-0.9755467900464099,-0.16067849120038244,2.3860096086686937,0.7206014289257153,0.7499310924262789,0
-0.14305710729732612,0.7287427639218227,0.6853690627901283,0.8057710122360069,0.4715764199383657,0.6956698957801405,1.6735043013638642,-1.097644383554015,0.9404445210421168,2.1346673429766043,0.9694199075914389,1.8879661914328403,-1.0998989586404089,0.6169528806373792,1.8003686766650908,0.6359650297576206,1.4958037198443181,0
-1.8212977309029283,0.5270647685285532,0.4817478321753614,0.2458922597481487,0.8781344408397398,0.5819274983609708,1.6283337268495268,-1.173408585366287,1.4322604485016956,0.4784089288042851,0.9422386632691222,2.4368497582742346,-1.1343186782110888,1.256353033963309,0.2600793970353268,0.755498886845126,2.254212035499863,0
-0.8168151059287448,1.8667867453505906,1.8898919901753335,-1.6211954540910636,1.7845735401786877,1.833146077139867,1.3299457883399117,-0.28477925827403333,1.2367440045175357,-0.05341360147632137,0.5424197630081656,1.055717951022141,-0.5695726310960008,1.1754756169564378,-0.23734070118310366,0.4200682691186701,0.9451748647507069,0
-1.7533677782710115,0.5837900259087899,0.538720272964709,0.9300766872749043,1.4666013862315137,0.631495656472804,0.8791260463141742,-0.9968923873401213,0.5459551507396356,2.2490545309894037,1.0728903409006352,0.9204874670341905,-1.033174236076468,0.30227619725225263,2.0560853191765176,0.8476764696766231,0.6423238925856721,0
0.2932678673776107,-0.03404525423176193,-0.06918474914756761,0.2574365557646936,0.598307778965978,-0.05607313613554107,0.9064009090987557,-1.0740532286811086,0.26379194290342733,2.387422721863711,1.4011238070042304,0.6583624813051345,-1.0830571743400896,-0.019025789634346573,2.1164188672200397,1.1342617361315097,0.33102670108688764,0
1.0803666157536624,0.584578599541242,0.5395139342012946,-0.12544003537169313,0.027821424546978283,0.5747489732179248,1.2603535170200033,-1.150072300714469,0.034356305618112745,2.159762524182072,1.850454187818999,1.77334145321995,-1.1429878773348248,-0.38143774047512724,1.5273363212869888,1.2526286534572704,1.1169871212234257,0
1.1816901537553557,0.4794186994214382,0.4340752071887091,-0.9462971584241608,0.45781523184405953,0.4762531657002392,1.2108012893486018,-0.8001052937259845,1.1065215506810646,0.09919093173959247,1.7711133281807758,1.1781724374424876,-0.943497870595133,0.6998094606077955,-0.27220536185260735,1.3510600336264176,0.7169393982752902,0
-0.10735071979368582,-0.30427661253133587,-0.326334886306231,-1.9755048139684614,1.2447311690709109,-0.3220776074945098,0.8742516707149879,-0.6233208273408974,1.2474288003405418,-0.04397060084723215,0.36537130517098165,0.12826102983667426,-0.6833248623960064,1.7265018788128579,0.05163004551261225,0.6289744495686939,0.268843445081694,0
-0.18855972960618694,-0.6007972058549361,-0.6023827698740998,-0.6013776189079784,1.8830252783840662,-0.6130780443606415,0.9414321406558055,-0.7120216615379306,1.681394225841193,0.3122454917183385,0.6337189219996676,1.2236381972175876,-0.8349846722884896,1.6776874457600388,0.17674926546565284,0.5393486057261078,1.1441889441341329,0
0.8408155426001466,-0.7692276279312606,-0.7563328642603667,0.11551312291775837,1.5804256253302247,-0.7668875522800113,0.8266487523300146,-0.6448114525719005,1.7514649833911158,-0.05560029565987158,1.013708332583136,1.0638390555318125,-0.8183022984938116,1.5808652047107792,-0.3052010110763726,0.8281251747547546,0.8293747957613983,0
-1.218754635220562,-0.45445798316692226,-0.46694747103746287,2.229215794372947,0.9560046724834667,-0.4272486087293177,0.7703741263394347,-1.0941188315882646,1.9187527617030045,0.9674371997534845,0.9453456944513597,0.7198980255336921,-1.0773615270003518,1.9181468865922662,0.8897153134593246,0.8838326612138434,0.583413715967669,0
0.43842526360353623,0.6385820442656828,0.5939735271723362,2.0643326885756257,0.7496712324384329,0.608172085275487,1.3114245005077436,-0.687266440959355,0.7237490695698532,0.4750675274978759,0.5370597373620685,1.087116708795671,-0.7871305390798593,0.7837431916836067,0.49588466269982967,0.5876346697070457,1.1837112818291806,0
-1.9475322781018594,-0.4067382032572868,-0.4224461769409524,-0.8726578555104242,0.4925152734259646,-0.31906904517150075,0.6870228413017001,-0.7954273762854579,0.20481622933003707,-0.5127415724894622,0.9699020131599895,0.649195799160972,-0.8305628933644925,0.29908366026913785,-0.6076534273608091,1.3301359252951492,0.8409795296910377,0
1.6962212523137887,-0.8653654812387228,-0.8432794399526038,-1.9882281016822445,1.7236292848103965,-0.8094784813679625,0.9826759120424673,-1.08496192852862,0.2514303738244152,1.111879780572899,0.8663360937848517,1.3120034072321092,-1.059897224791906,0.19860503436368,1.196528648525656,0.9396152760462424,1.3859076284928062,0
0.4920594161029514,-0.5251677418790764,-0.5325832677842767,-0.793297797009271,1.144354522187283,-0.5368049639517589,1.1099571549742848,-0.862232591008466,0.7327951840352832,0.44951085155267495,0.04003380467571206,1.4451092219109716,-0.8565807039907167,1.0960259734915117,0.7358340449121773,0.21258577966292028,2.0257529445689766,0
0.14748459847068657,-0.6676665014305008,-0.6637504419094156,1.0063557450644258,-0.1751744149900229,-0.6810046363012422,1.0134574567289905,-0.765615300147192,0.5076042796553374,0.6570352295258785,0.7225203398974216,1.1748712594616075,-0.8524971985625049,0.47268687577016794,0.6455586105468637,0.7406723042174086,1.2014677001999978,0
-0.18424594086771126,-0.7222533706652996,-0.7136048179924892,0.20439347735119914,0.22086498215100597,-0.7327473543498023,0.7117304647831152,-0.7605743263682915,0.37230715052691027,1.4058710493279765,1.1038653509226837,0.2271982511922263,-0.870325520998898,0.22790137608835306,1.3557302526990995,1.048465242332026,0.03959544511973934,0
0.6809357009850859,-1.0342004515053642,-0.9943440324831749,-0.22946631187532182,0.5744867747798025,-1.0331454352658425,0.9725551899631042,-1.2810065672134343,0.9114133179065061,0.09588726053653371,1.1273655311634154,0.5496289892916689,-1.1818558230930407,1.1616024183544622,0.15107592682861598,1.5132025700653715,0.6995194908283808,0
-0.0055774026573687276,-0.9293965799567038,-0.9008154162499882,-0.0733118051374294,0.39600399586347973,-0.9385587504238839,1.0919574039630717,-0.9514280090823217,0.07316387999980807,1.2430570858206824,0.5351331145340033,0.6181963957413049,-0.939398763757235,0.15347679254437752,1.6547338659785096,0.7860284548317406,0.8303215050096904,0
2.9361723157775548,-0.28426747975942634,-0.30747664220833215,-0.21745443077225365,0.5907988029592244,-0.10453585109786309,0.7100693075849147,-1.0455508781339087,1.1302369596920419,1.3744302252773632,0.2442409503666033,0.5998993411524274,-1.0047526312810715,1.5246208880600325,1.8649404059682406,0.4257259415143499,0.8378154460516721,0
2.1441851294166354,2.9085018468032917,3.0751355403238945,1.7790240594869344,1.5032518128004395,2.924553098992092,0.26107677051822875,-0.5414876077496665,2.243179690942661,0.7405655651172147,0.016711308893162052,-0.15647797725475576,-0.6471123237270928,2.8450071958922925,0.9820639266526525,0.0737179924005225,-0.16142041938352633,0
0.5880903252061934,0.4860365643801343,0.44068687455366784,0.34236689804203874,0.9048907922070888,0.4608643900883931,1.047346797252381,-0.7429042743313921,0.8985776028783863,0.36554908641862016,1.5805110748205724,1.1299704695418238,-0.9046265627746212,0.5451391919315378,0.016809334893952997,1.2225145062643274,0.7202195933470479,0
0.6043481785254308,0.3335378190275869,0.2891409519832773,-0.6864403617031785,0.41404182912111775,0.31110996299216753,1.2537681976473367,-1.0775663326737908,1.2202451121653797,1.215240525739132,1.8702444811133725,0.768193964604945,-1.0976375820762931,0.7775533662847163,0.7691129754439108,1.408174828832964,0.3045166059307018,0
0.2394870867115978,0.5602441653770938,0.5150433649230016,-1.0077905319385219,0.3628174404045856,0.5288038903065596,1.354152878614042,-0.9067471597554724,0.6573239291662842,0.32986746581108506,1.547281196153865,1.1906051748515796,-0.9828079332774236,0.39815033295426056,0.056350270620720545,1.3291049750391226,0.8930993896698943,0
0.11933485938484059,-0.33002827133087037,-0.3505624502909659,-0.8916579641633557,0.7741651492502226,-0.3485022913214307,1.2368787404407637,-0.8854102048149755,2.1214643558272255,-0.14751293878627986,0.9111327899651311,1.1686758669592645,-0.9477451850878235,2.1224379262077537,-0.34578412438307826,0.8328792768054729,1.0573126524096808,0
0.17081403875734125,-0.7008162418849639,-0.6940520887701186,-0.8438154444352399,0.36860395733913537,-0.713583456699888,1.0070823920386636,-0.952387325435626,1.2981968767259517,-0.20887654041797746,0.46335966280893504,0.6626583813473261,-0.9236643949786854,1.8551175358703051,-0.13807391462319038,0.8127522851528195,1.0105272212345846,0
0.22528683252617207,0.17295628643248917,0.13139327153466887,-0.25585828428263596,-0.19972694642691574,0.14727361553720805,1.0172379782147702,-0.6143730195977082,0.9542830948834153,2.689410105423299,1.0174321019831716,0.9027139670297326,-0.8536686984684738,0.4996534198692278,2.1137111524831766,0.5324920911578704,0.3993879655413278,0
-0.3409522219345458,1.3940689440113276,1.3781088564745405,0.646704090337331,-0.15530921128272096,1.353893326042531,1.5350732749499092,-0.7004993555039937,0.4496225136154274,2.7717759894376712,1.6782602839611258,1.1477471675399005,-0.9313290136177925,-0.09687471111189998,1.8746807858289682,0.9232222762947804,0.430660160691033,0
0.08687233995679153,0.3290428925321315,0.2846998039821782,-0.5099809318607832,0.4875056962593738,0.3006334050566912,1.2524081581697584,-1.2064149836864437,0.9148739445832361,1.1381292669800218,1.274930721977444,0.8580909549867863,-1.1490413480703403,0.8076999659293497,1.0551681249786473,1.2355330360753527,0.7124262351927838,0
-0.15855030484793745,-0.9743179142769955,-0.9410018624722026,-0.699951406597848,0.6472041812839742,-0.9813381442074929,0.9538340348986788,-1.201017626075991,-0.28534105576892255,1.168824900052915,1.709214250120133,0.38946356231134205,-1.1441419869353269,-0.47317666380377005,1.1187764342182225,1.769164938543017,0.2305396977327564,0
-2.613149479313046,1.437952229131997,1.4249334556503228,-1.1083458483095598,0.7094756969950743,1.5537969021718678,0.18803575584551466,-0.41475672633062144,0.9550868557817408,0.6269110787260858,0.34954703982136315,-0.376359690332708,-0.552729002080567,1.2474575688984246,0.8477189172337635,0.5221109228445725,-0.4300411027715396,0
0.861523668551058,-2.1153847722293944,-1.9125218742028633,-0.10571179326184468,1.062324828741509,-2.090143946696726,0.3104344385326357,-0.951228006993463,0.901070572619773,0.316994879788466,0.3782844443564033,0.14942985569815498,-0.9043929734536962,1.476628799142964,0.6803716747130056,0.82453112530549,0.43844883961007686,0
0.4140737823147359,-1.4817038213227183,-1.3847038870645063,-0.5064025674023127,1.7656482314422397,-1.480124049852763,0.6639184492109361,-1.2493770212010473,1.0978793603288883,0.973361713208832,0.7182189880932582,0.9823459014040666,-1.1626707407846115,1.3113636805565245,1.1758387536479493,0.8988650453380304,1.1527292563493707,0
0.6027151343176644,-1.546263810868285,-1.439816267471099,0.30008157302702443,1.5983903370346817,-1.5394423088280034,0.7592898181330003,-1.00405615764154,0.7109506962702,0.9494740065285755,0.19167530858500398,0.759798493903258,-0.9583936024768788,1.117712331397311,1.462853415535442,0.46766082830667816,1.18098255497502,0
-0.10924063146952422,-2.2461651104087887,-2.017813822374574,1.5657182966427763,0.27202163169666815,-2.23449650288452,0.5866106247952688,-1.1032777273069407,-0.22168328716137042,0.6157194104898154,0.2900630707785583,0.1228890305262868,-0.9930930384616248,0.1080025203169211,1.4564645484763397,1.0277406412008672,0.676282874939808,0
0.9310636406978952,-1.5947245360381128,-1.4809859030496948,0.6226574037532276,0.2765856502033551,-1.57501340474065,0.7900337683059144,-0.6643064822379607,-0.25873818553627126,0.026628932174887383,0.2641855512976456,1.135590179460817,-0.6908348715817855,-0.17425611140921374,0.21763028125820366,0.5868534339090468,1.7064865301981351,0
-0.15950334664130905,-1.2874551463566335,-1.217050796405407,-0.24491288969838487,0.7380919375832726,-1.2896981722675387,0.9648601325083089,-1.0356705680505087,-0.6196709060149724,0.16334242905971091,0.17554392383153725,1.4764420846933062,-0.9492214944293488,-0.5679102576028758,0.6184872976177377,0.7039686033065095,2.5698135218000124,0
2.028557885908494,-1.021531098395167,-0.9830802046179633,-0.06801128324023739,1.2653172881050703,-0.9317062275148329,0.7556192616514419,-1.2860528262870832,-0.3522707892611666,1.2261805714247234,0.8090106495652449,0.5478687860127861,-1.178487653818802,-0.3240740543175021,1.798181506987652,1.3038559416439746,0.866071788760614,0
2.966708599001792,3.2901823111606543,3.529185387015745,4.014415773083304,2.361807188828474,3.376873069025904,0.41503002053840593,-0.4748646929426892,0.6103669615131745,1.3712383282808474,-0.09439980862181994,0.15463194791356086,-0.5716328706704871,0.9004631876751428,1.918637284478288,-0.0005929146109970026,0.3037316116729542,0
1.360562898272124,2.123563080894144,2.1747085588846,1.9617379252748073,-0.8290136097408223,2.1014737073714036,-1.1909584254884276,0.9269666530400436,-1.000534154092797,-0.7225643039915989,-1.1116663862721774,-1.0225246595637099,1.1440802371159053,-1.050734026668273,-0.5400740315066376,-1.2119360905553866,-1.0292970481584252,1
-1.1841478770097744,-0.62711622472181,-0.6265752689776062,0.8864509120676999,-0.5915899395737395,-0.5990046854514337,-1.015980223393341,0.5608487230388738,-1.0024763552423077,-0.9577807828986022,-0.9504121299514771,-0.9440471757007899,0.94933430960534,-1.008452286062004,-0.9057749923623394,-0.8204769099276654,-0.8146594589207168,1
-0.3444327654950196,0.11169235178974499,0.071705345974377,0.5724022926680916,-0.7944984239372733,0.09132346378176978,-0.8829047835272841,0.8643572492937979,-0.9174565807746697,-1.042184865834946,-0.8315652951291218,-0.8075600712316299,0.9313671674302992,-0.9439134071339959,-1.152916544223761,-0.7588344261847648,-0.7142924605690598,1
-0.7349048171827854,-0.5749589515200456,-0.5785831220435123,0.4681705067654556,-0.7723219364438515,-0.5720073024824824,-0.9751135425871921,0.39940649801325295,-0.8698326486502186,-0.9042669769394784,-0.9220016960308588,-0.8793518370335303,0.8080093556291574,-0.7343760360419584,-0.7833895443284788,-0.7400753367404169,-0.6688094631415585,1
-0.8092917644190053,-0.6489358735005777,-0.6465936930526294,0.32043764241751493,-1.182256626768318,-0.641445156621292,-1.1497494531292074,0.6944081108589581,-0.8490883549215054,-0.9707812890983956,-0.932417021813322,-1.1058357539520176,0.9958489684130449,-0.7472535666482666,-0.9626530959706179,-0.8314026321533511,-1.1545077390210534,1
-0.9727880297378508,-0.17353985557907764,-0.20259078563098146,-0.7475769153297586,-1.066302738939323,-0.16599175745770417,-1.1712427944641337,0.7793674273555529,-0.8739054293598816,-0.8163681137576383,-1.0166115222489014,-1.0960102808635666,1.0486141391307653,-0.8060250530025753,-0.6867471243648965,-1.011335573114393,-1.1459207038790495,1
-0.42573887315268305,-0.18945044538416506,-0.21771689307885383,-0.656942048079756,-0.9077551931610411,-0.2032227704963529,-1.2149909140386137,1.2032803253581794,-0.8614302478968278,-0.928475700069444,-1.0505858057860178,-1.1106813234893669,1.2105575037207768,-0.8638691386446555,-0.9728178572535606,-1.160270480494677,-1.2299227808404236,1
-0.6857627494064371,0.3571996345674772,0.312543929302181,0.295907190059925,-1.1814915155153745,0.34300365828823026,-1.1729772740953286,1.2066941604465062,-0.5648594151608567,-0.8319286491216353,-0.9632222559794916,-1.0911720026124079,1.0679160333182174,-0.44629324653091906,-0.8606587813522465,-1.0599130464830202,-1.228929719492859,1
0.7177894286872323,-0.7610123613557129,-0.7488718056075792,-0.918721098646298,-0.6688373650310901,-0.7631263452811443,-1.1133887772946336,0.9983508776617641,-0.7722077395834843,-0.923731920246667,-1.0406604835176274,-0.9506511814498642,1.093342284511262,-0.6888344328141397,-0.9419277895229737,-1.118126302073127,-0.9424384070772684,1
-0.8776962251479188,-0.05447715589756378,-0.08881342781294073,-0.42439205662050566,-0.623793803026727,-0.05374189002963441,-0.9057883867891215,0.9209435971206531,-0.8948676822165642,-0.877428590000718,-0.8828630615118391,-0.7758480203313887,0.9340161396639227,-0.9212408533626063,-0.8905885690706146,-0.8732898600216873,-0.6858442078554977,1
0.07268845691197451,0.816883481918689,0.7752891426169686,0.4662691736598213,-0.891219651790333,0.7811368557570246,-0.8245072788836754,1.3018207777202144,-0.5718732083965521,-0.7749064267333761,-0.9102543193778435,-0.8168195053069487,0.9869854827804989,-0.5326194329494587,-0.8308447673972899,-1.0354621371694634,-0.8688231185017697,1
-0.27864283919762256,1.262907973078933,1.238992655770281,0.36804082645676683,-1.1050793555723981,1.2236114769178992,-0.9515827132841638,1.238566298664426,-0.8877670122886743,-0.885745279155483,-0.874967693701235,-0.9470385527469471,1.0547807189568434,-0.9564299669118157,-0.9574615744395414,-0.9327396781835898,-1.0193830733504574,1
-0.025850029685847386,1.153130021235348,1.123519451959085,-0.17982083813440233,-1.1149726305156944,1.1126544535787724,-1.030354009736584,1.587273044446644,-0.8570891952203777,-0.6937448260756051,-0.8763156184915423,-1.0076582703048056,1.103002329107263,-0.9738265982225005,-0.7575167678930638,-1.0275409890064577,-1.1713372620051323,1
0.46353735069567426,0.5366648259479524,0.49137325015484234,0.14120185995825585,-1.1458240963480322,0.5082233435793897,-0.8993507966034525,1.2562250130716461,-0.9572082231834603,-0.8667675860800618,-0.8776732169961606,-1.0116172805081307,1.0840223034408702,-1.058987084290396,-0.9239827222258088,-0.9315561845547992,-1.1136183076410544,1
-0.1989744267586578,-0.310685887568329,-0.332369346475068,0.1486715712143651,-0.9359778129724878,-0.32723268744893197,-1.0162512446689878,0.7454632128340161,-0.8860956439848678,-0.946057994398986,-1.0215230161030242,-0.8395877138721092,1.0069365799627603,-0.8302004553525628,-0.9296788979628552,-1.0230080040895195,-0.6806363179743848,1
-0.027679766186950262,-0.6310983240942303,-0.6302312299899651,-0.26546589617269617,-1.031508899736607,-0.6446299429539117,-1.0808343401966896,0.8426652014961469,-0.792236556332556,-0.6291685539473632,-1.1221240566189625,-0.8817351876219258,1.0237226231626868,-0.6913255973593538,-0.388838710272827,-1.2409479740955802,-0.7921433847739641,1
-0.553969399230124,0.7843898913535129,0.7420737436192548,-0.06579321577873523,-1.1528223884431847,0.7589497227116135,-1.0614993595441742,1.2679970381684944,-0.8466474042725124,-0.7577101873135839,-0.9542072126455279,-0.9233163539739699,1.0719034376441545,-0.8964402894120078,-0.7632007393865821,-1.062912095997919,-0.986205888712026,1
1.2193704037294664,-0.3397541000711552,-0.3597000989994535,-1.3278545989316466,-0.6359146444365342,-0.3267630915922439,-1.187629421818701,1.1683169447397128,-0.8288537895308044,-0.9745198023262461,-1.0207706788862503,-1.0592835304240902,1.1724040645528941,-0.8118980190459009,-1.0508078179368614,-1.1101311647820429,-1.1469660369678423,1
-0.8734520953975556,0.6617609637947284,0.6174133692143288,0.12488067264516027,-0.5673126803697316,0.6503107703483468,-0.6740823238155678,1.0634459677565018,-0.5315359060789131,-0.3782503456845389,-0.8636633074155106,-0.5811341942738312,0.7689782973163628,-0.4847041492237552,-0.26344617586295427,-0.9731704017741872,-0.5414873130095593,1
0.21146484211699124,0.5690160854473169,0.5238593876101743,-0.14944347669353686,-0.6125113184990454,0.5372786839338116,-0.7390766481236019,1.0109420114940433,-0.4598178610768236,-0.8456121616272492,-0.7001007508885532,-0.6046457693334029,0.743791398084828,-0.37164267558377057,-0.9346137190526929,-0.7161420934547762,-0.5645388797734361,1
-0.047015608499776707,0.1466326919332521,0.10571336045996536,0.16707531650303112,-0.6521726146429169,0.1214871252419313,-0.7873519477140329,0.9145702042371757,-0.730808284903624,-0.8588436304847128,-0.811426955326022,-0.8739615542049609,0.8772078855019788,-0.6738210037177556,-0.8778125039932251,-0.7759218316350693,-0.8660650925011208,1
-0.2674850494428904,-0.07982520134850442,-0.11312273408463039,0.16109055172731146,-1.0320363902998622,-0.09877033762841761,-0.825827414079516,0.8882869661599418,-0.9123597084125497,-1.0652237608729211,-0.7361296128948286,-0.965789997015932,0.9184428728303018,-0.9455423573859248,-1.199445055100406,-0.6109574519595692,-0.9904365842564145,1
-0.18980951380820402,0.09829480878820533,0.05868887410077198,0.5736091158301558,-0.8779162164824901,0.07538731726244997,-0.8869143976760501,0.7700177631132231,-1.0395854546473997,-1.0183774586160388,-0.9144132670327545,-0.8460307184731892,0.9870744005540394,-1.1194842697285634,-1.0753454521921781,-0.8375564854349568,-0.7128172802340248,1
-0.31861414418178824,0.6078294441684886,0.5629351363191577,0.37188767047008514,-0.6879985374695528,0.5792956595117815,-0.8590419196515507,0.9555478079835297,-0.9745993079323508,-0.6984883307872894,-0.9039707923662114,-0.8973325288660369,0.9620106932270857,-1.0527484646953342,-0.5955392776334432,-0.9118031317730769,-0.8857098110625584,1
0.07327954987176466,0.42348215212303625,0.378318446835713,0.02271160045233356,-0.874442848515817,0.39366242630880405,-0.8644948782292802,1.2554739504778811,-0.8847010867853151,-0.590485592126464,-0.770888868094643,-0.8971638977123825,0.9270319225266878,-0.9889727018920128,-0.5713475313049734,-0.8335198735653875,-0.9913349472187802,1
-0.4134110323174305,0.8285968855223871,0.7872816000653693,-0.4762274441874942,-0.8424412118105877,0.7986984518236476,-0.768570364652061,0.9562477387817183,-1.0461237709628053,-1.0264050886999687,-0.8856099716817826,-0.8525903749289789,1.0260440709037317,-1.1583210967289408,-1.1247889948332055,-0.8518299681939233,-0.7871121723080536,1
1.5358865917264184,-0.5150209425095726,-0.5231869531976865,-1.8386645309445517,0.0792849543108495,-0.47850636067172736,-0.7741228246355759,0.9404317722643871,-0.645108875515146,-0.8889138377317393,-0.8305982022743917,-0.6867587483209209,0.8471727364488136,-0.562235040110902,-0.9444301638112671,-0.8348348308099713,-0.5964312265440729,1
-1.3641029086152465,-0.09959301577848022,-0.13204800969472355,0.6519428879830422,-0.958699583076747,-0.06901130535610754,-1.000963473851428,1.0589949560096648,-0.55717247914766,-1.0925525943325005,-0.9353124478643606,-0.7919657988832933,0.9965528140185722,-0.40349351594506616,-1.259567640096043,-0.9905580992678231,-0.7415340040430828,1
0.2003236097661129,0.2570537736626257,0.2137724581787174,0.20238303463162827,-1.2433548290608682,0.2299667284541335,-1.0962882726221619,0.9597748957519641,-0.6297334098148685,-1.0018477111302542,-1.0651176331338472,-0.9237624691695823,1.0840092360640348,-0.4333861791051422,-1.0696019383993642,-1.153153949446589,-0.8868217995526625,1
0.19785383513249472,-0.14466970835545423,-0.1750970282046273,-0.024547499655171882,-1.3338979932094537,-0.1657088781923247,-0.9569103978237887,0.928236748389074,-0.9473481472095135,-0.980918261346918,-0.905241121933078,-0.7723708601376303,0.9824330448260982,-0.9966632496534255,-1.0515819177063772,-0.8938043474846604,-0.6606347854921992,1
-0.09466194784790186,0.18594977875004143,0.1440876384770055,-0.049936664217682426,-0.8982714558717687,0.16060121106182496,-0.7096951498680404,0.8922556167615029,-1.0109607132268372,-1.040519409844379,-0.7465048195443917,-0.9129041778169215,0.9262177476845831,-1.1071343968487979,-1.1572297365049744,-0.6267334559708604,-0.9021064524532211,1
-0.05699858552204538,0.5244714196759396,0.47914878380869214,-0.5164674971341008,-0.6681583398750982,0.4936899658656541,-0.835035346297452,0.9572851994623673,-1.0931312550707708,-1.1158433957806373,-0.4239949610410545,-0.9816970379265636,0.7968785437502007,-1.269962538901159,-1.3142083122719534,-0.2178836751939205,-1.0752625714466653,1
-0.03342549452189315,0.3379363910855683,0.29348832268267755,0.1459344563368701,-1.185039594703275,0.30981077104775756,-0.9280947842720921,1.011207276414807,-0.7065179583225235,-0.8073474131335047,-0.5935821871802299,-0.9562234404767787,0.7852601830777749,-0.7099372417809006,-0.8629903351361473,-0.5270680444281406,-1.0559494854308735,1
0.4979233944918971,-0.16239182241721706,-0.19198143055986772,0.07104027030703042,-1.5571928799237353,-0.17948876997178384,-1.0814924808925186,0.8537091244945623,-0.9973017040956822,-0.9807578424550057,-0.9282433190436294,-0.981347802257762,1.0401211529468573,-1.0512291073721045,-1.0160891650172907,-0.8782311489565979,-0.9652737884142003,1
-0.6843999692733719,1.0408639713339574,1.0063367057359216,-0.966400136908182,-1.0562059334433889,1.0156189061263914,-1.1324922010760883,1.3098549095393939,-0.9299725390559408,-0.9115808627408876,-0.9851292519324281,-1.112768062742946,1.197104549741768,-1.0024507292058809,-0.9757173652371514,-1.0837570615564,-1.2551750563501016,1
1.224213188405548,0.689354392993832,0.6453684248710175,-1.1169625855586844,-0.25816898926212556,0.6847817043518001,-0.8930503188263517,1.051773103998819,-0.9926678508873441,-1.0741344365295882,-0.7349867642953971,-1.0460001098386726,0.9998979209213087,-1.0931979199097974,-1.228019195880898,-0.649118134363847,-1.1412078691772574,1
-3.331636130056031,0.307144950571535,0.2630848981636332,2.447010834651353,-0.3350939815449121,0.5567404943139015,-1.0317332543229647,1.0852982196267125,-0.6330099278548947,-0.6038446866972361,-0.922910732186002,-1.0947966462535952,0.9754031285737028,-0.5444322160670807,-0.494323173774738,-0.9877329148924819,-1.2309950230201698,1
1.4458872543941197,0.8454658306525531,0.804569977299078,0.8672007453880538,-1.2320081523815447,0.850736399523271,-1.0400012591828718,1.1022620770848817,-0.6672681697286547,-0.7024358398611356,-1.0078940939049672,-0.9359794104859348,1.024016839356747,-0.5835982160428718,-0.6356216639423617,-1.1163975636648336,-0.973573543621486,1
0.3835515302585165,0.06280886946155183,0.024275434278964284,0.32604521992315677,-1.0286931463986695,0.04036056622652463,-0.875876635888191,0.8737543932954935,-0.7677164914040543,-0.6601178482449319,-0.9292458146584395,-0.8297489512356566,0.8926287447325387,-0.7119728822650552,-0.5279081195696531,-0.9520262406070467,-0.7723109157815155,1
0.6465187173316239,-0.003811110871864415,-0.0400834014651445,-0.5339828184264659,-0.7121236984228627,-0.019921390564398542,-0.9001256141492388,0.8477621968297493,-0.8935533918230469,-0.4651551531071235,-0.8834878059591906,-0.7027256292545685,0.8093515400862799,-0.9357763125600597,-0.24289753695050695,-0.9004263196089537,-0.5965583875860835,1
0.4351172912690149,-0.215353967806185,-0.24230378761004978,-0.17015350800481893,-0.7118520998564483,-0.23277851170198227,-1.0825866617268207,0.7992952728227852,-0.7665020984784372,-0.64281709142882,-1.0726945262373517,-0.9639721747294554,0.9951636138709393,-0.6396835220059516,-0.4047400298904175,-1.143977910322551,-0.9310221417053358,1
0.0844260790685135,0.3214146980274196,0.27716624236229664,0.5167713052430181,-0.9520005709031858,0.2931217880134665,-1.0913219794587177,1.0354624712679559,-0.647073431154448,-0.9183921368058835,-1.085097976970968,-1.019402773964966,1.1264396262776568,-0.4779493867445393,-0.9337083213569006,-1.1987195385016403,-1.0596742666963652,1
0.963224857014402,0.8006163686620325,0.7586510629997144,0.1341643039411754,-0.5831318376030196,0.7822278497654762,-0.7665821266308803,1.351973972421475,-0.8074972779526041,-1.0386234628664603,-0.8535031496821643,-0.7651596640542244,1.0455547503739637,-0.8671221298519117,-1.2136432565870459,-0.9423137341296303,-0.7878499863984572,1
0.27266881424375994,0.7993618033345677,0.7573686880834957,-0.795331155306939,-0.43432280961688796,0.7645495805270728,-0.7499337203799726,0.7335862870848588,-0.4545667529991774,-0.8327943348418664,-0.941689830837465,-0.8918260035242201,0.8512208392104905,-0.13789084361397297,-0.7779713306235747,-0.9328486752339368,-0.8355241345643946,1
2.048631375406744,-0.47535990174021014,-0.4863874243560103,-1.8534276831440963,0.05356084630761867,-0.395968010929511,-0.8740051483733526,0.8275688298846051,-0.9036219721124545,-0.7610700549036066,-0.8777745936034451,-0.7822347263328969,0.8800873469725563,-0.9253870463937737,-0.681937273946389,-0.8480366048079222,-0.6796123202160552,1
-0.6787275306098013,0.6726228280965555,0.628410966909822,0.6837665461556548,-1.1027848154590325,0.6530878238244083,-0.9890999206234552,1.1872727630220554,-0.6708504829099337,-0.9673404679454317,-1.022952027371673,-0.8044753596351032,1.0825772617084333,-0.5970757464219077,-1.0654075167698838,-1.1474726879633876,-0.7741463460262079,1
0.09782425371471108,0.9191237211482877,0.8803020940095209,0.8142057308774301,-1.3725166246444218,0.8818199322999095,-0.9394109333474542,1.477303702098573,-0.7453889067819477,-0.878899608512559,-0.9111063120644649,-0.7610200786103389,1.065210781207715,-0.8046777554560308,-1.0017397907353631,-1.0605975847707738,-0.8150742647130924,1
0.0028012359337896966,0.599496081553782,0.5545361894023564,0.9954162115119699,-0.9490291755931727,0.5672272167983446,-1.0265089574841109,0.8582149389377556,-0.6434333672158156,-0.5672715622126637,-0.8416539292291946,-1.0526413098839806,0.8432589535951881,-0.5253065492654884,-0.39385832898584844,-0.8178538924050444,-1.1457765798422985,1
-0.21106674856451763,0.18054586935614855,0.13880664007819846,0.8886570714011564,-0.9174666400331912,0.15669365980893904,-0.9477997622691144,1.0169023165398816,-0.8589516000006515,-0.7469112915339751,-0.9698493742943276,-0.9476501785990027,1.0241617543670292,-0.8626755183475278,-0.6740231326439324,-1.0237867578572382,-0.9661850963605029,1
-0.09215489397215403,0.2894382985138139,0.24563264212440658,-0.051386513476429925,-1.256940056066901,0.2625004615057832,-0.9159959782322841,0.9196369242450557,-0.751328557204408,-0.8660742097381114,-0.9284713728799194,-0.6717427276694762,0.9104328118141791,-0.6952996211396308,-0.8795525470997567,-0.9614752397867965,-0.5282996712458141,1
-0.22971215660679606,0.3948973828232928,0.3499135207418411,-0.26573796594571136,-0.9855173893095246,0.36806173069133485,-0.9480024341452918,1.0237968362742258,-0.6770859991798029,-0.8968076211574498,-0.8933897176648867,-1.0483565802569441,0.9997073054968676,-0.5786401504919051,-0.932678941738249,-0.9050191157111546,-1.138345097589711,1
0.05373765282005932,0.03504158179550885,-0.0025886863408702315,0.11726079724486331,-0.8303168911206354,0.01110923379511508,-0.7383333690834395,0.8225732353170181,-0.7269297849839075,-0.8208602814788767,-0.7419110260508066,-0.7391287930577957,0.7690039485174183,-0.6776495272652608,-0.8254499426393598,-0.6722733708668941,-0.6632677615819702,1
-0.3189419732126068,0.3970287072848642,0.3520293829689022,0.7004223619275969,-0.8657384865886818,0.37174050048757046,-0.8121122128446422,1.1347313100438523,-0.7970738098038305,-0.6267263107812079,-0.9301560375304335,-0.5542705090771324,0.9067125525764016,-0.8375453059053015,-0.5854090444568568,-1.0431152612010537,-0.4575405702306801,1
1.2132324597207558,-0.7731555218790739,-0.7598984186679096,-0.5729673503759362,-0.44077860938914976,-0.7529021077702795,-1.0017153371418193,0.8525877559487669,-0.5024466125472453,-0.73845068803761,-1.0560030740734032,-0.9756870226954273,0.9734029355982718,-0.21718942616362702,-0.611965809061034,-1.13798702154446,-0.9771151147059908,1
-0.3554124180525195,1.5187666891205078,1.5115314937746067,0.217201276003336,-1.165335755692904,1.4769593916290984,-1.231009516883324,1.3586092925881708,-0.27841917782997627,-1.034579662739877,-1.0390730996414042,-1.1096996184732997,1.1487223820768804,-0.03792126136769671,-1.1892621997279957,-1.199264042146521,-1.2678854676836868,1
0.05738554216992157,0.6035246978274054,0.5585958798083052,0.07825429515734325,-1.1799210340702588,0.5710176852950972,-1.172977961119836,1.3984909893932695,-0.8183003965437887,-0.9802608903059196,-1.0176854793876733,-1.1363918428687698,1.2380216866131237,-0.8385653832460482,-1.0938836442827218,-1.1492432129623704,-1.2988587561104161,1
0.07021822185746923,-0.2956533899023818,-0.31821123053798683,-0.18282200736632442,-0.7738106968266553,-0.31463309102892917,-0.882883052088042,0.6310873540638271,-0.9159513853133464,-0.7712852384804556,-0.8206063254232759,-1.0561534932264143,0.8472430817602359,-0.8969357880751859,-0.6242639800652126,-0.6579533575286465,-1.0865488667484466,1
-0.6555155549181069,-0.5487894033214954,-0.5544287637759081,-0.18783588386190547,-0.8132509070636246,-0.5494751371318699,-0.9951184538618111,0.62103324349998,-0.9634044180049803,-0.8830862023920751,-0.9793887364367792,-1.0169260971641834,0.9848656102419147,-0.9412885062680083,-0.7706292350507615,-0.894053605415342,-0.9667865215980975,1
-0.1834467196459468,0.09131393740933787,0.05191174185854287,-0.1485735954442221,-0.9738558289659228,0.06842444589540808,-1.016063537071613,0.8445677279878966,-0.7633954017956992,-1.042549751034476,-0.9705977649301042,-1.0292007513467851,1.048737234582478,-0.6313046941625845,-1.1227781734267888,-0.9499698778966261,-1.0441864164728802,1
-0.46134433430165017,-0.14954396402745374,-0.17974316143650415,-0.05653153271294464,-0.873757997189521,-0.1629847945318314,-0.9896277402607188,0.5998931485264656,-0.7098742659023034,-1.0113437161213878,-0.9318036815799592,-0.8885780416927663,0.8869762252050273,-0.49172446883553533,-1.0413197435570507,-0.8336685322676805,-0.7546973281015085,1
-0.7361624765712586,0.12639364124327293,0.0860035220925925,0.023024016332173908,-1.0103957522589304,0.11789896275247934,-1.1119275219954765,1.18563375292931,-0.8348802581248934,-1.0702261885233908,-1.0119736254852465,-0.9050190464979672,1.1541766135355256,-0.8321936573183808,-1.2162275773337468,-1.1059654956619487,-0.9066319031309512,1
0.1338256807300859,0.1594916545002855,0.1182515823125743,0.33573651860058507,-1.199109121401507,0.13366066853064576,-1.0699959561892671,1.0379779423360276,-0.8332565680671161,-1.035391366587538,-0.901977779786174,-0.8872752467613572,1.0297777038054312,-0.8252344067816823,-1.156182812484106,-0.9125804788850456,-0.8730495505018742,1
1.7036923163049063,-0.7126842093418289,-0.7048809548436769,0.12195246980193282,-1.1036501989824161,-0.6592887427014805,-1.0182366174314974,0.548952985680957,-0.9555994266185726,-1.0108501840565771,-0.9068606848564503,-0.9446356744118682,0.9158299277363983,-0.9231265594185725,-1.0164126485547311,-0.7414462190213454,-0.8240636681993321,1
0.05042408504302292,0.7938334395286513,0.7517191439611062,-0.18481889992542358,-1.3951599824717122,0.7584732713951707,-1.081324376249728,1.2850530345789775,-1.1214702216135224,-0.922145975202163,-0.9628793557303919,-1.001989281464293,1.1878025210248127,-1.3016123546606457,-0.9890363380498014,-1.0423776064252706,-1.0783832836186942,1
-0.1311627030837173,-0.15465168922616182,-0.18460998108280988,-0.3537991596832023,-1.2958998473076704,-0.17446193416782615,-1.01299016975371,1.0636557162774383,-1.105883842658512,-1.0115931600783286,-0.955949300551769,-1.0640116766160022,1.1674870044681318,-1.253883265937264,-1.0910834735742854,-0.9625101392066535,-1.1317790519923614,1
-0.1186396107643884,0.26592651454814503,0.22249394396778216,-0.3839665782210966,-1.1718078125455713,0.23960418432985336,-1.014571733439228,1.06565854534109,-1.0682037988715514,-1.066197164187512,-1.0641924983694764,-0.8193320597996244,1.1876383463793367,-1.1868796866996594,-1.1821603127773899,-1.1519329104238067,-0.7086277656455432,1
-0.07127315655181736,-0.1145022009300346,-0.1463029149357662,0.2249277891258735,-0.9916052126061036,-0.13551343715326136,-1.04537137121396,1.2123314393670375,-0.7621333801153123,-1.0672551344041135,-1.0655676326173702,-0.866555408225051,1.1729380290505516,-0.7167828672358277,-1.2124489538590961,-1.1991417084063274,-0.846895178600213,1
0.2785280414489155,-0.6237917700582103,-0.6235222064233923,0.7067946113423339,-0.9543436832321095,-0.6370318576277573,-0.9688947671665544,0.744059586888275,-0.8290942835221313,-0.8062550841369165,-1.0314713996849327,-0.8168400524132938,0.961904942049702,-0.7420798215384415,-0.6890106542353243,-1.0582120272258284,-0.6599262539825778,1
-0.2358422443499026,-1.0329209795455805,-0.9932070344604306,0.8818698886003994,-0.6954234941609475,-1.0378360622813505,-0.9571168325563133,0.35333468758693165,-0.8836007562986815,-0.7946327182688168,-0.9686414345651991,-0.8509775928575192,0.7914154072945083,-0.7473991471585149,-0.5432247751374591,-0.8191833314789819,-0.5928906244674885,1
0.19613571235982796,-1.3899218065543653,-1.3058306443276513,0.2165364413107623,-0.44799112223221055,-1.3921836193559474,-0.9961212562432604,0.4173856837803488,-0.5229047105666994,-0.8698399512355983,-0.953015143642027,-0.9967928767668315,0.7903213161542122,-0.07369345872021506,-0.7309667506386901,-0.8246138000102545,-0.9160259308389341,1
-1.4498585362130771,0.22471587050841849,0.1820343475036552,-1.5195091754299481,-0.5286698433709193,0.2553208967934185,-0.9646604752898704,0.6585696693002243,-0.8624994755857108,-0.9128252409406334,-1.0119675170607314,-0.7375004817314834,0.9316793403789023,-0.7812762131298358,-0.8622016048559981,-0.9979862867341487,-0.4855750965695734,1
0.09244069580527141,1.6602158872725938,1.6642483694694539,-0.6645286882289704,-0.6055826468000858,1.611747545995421,-0.9224211956226371,1.618675964597192,-0.8430939196338849,-1.0865755013035125,-0.7860468313149388,-0.6160534674140905,1.0501155853238116,-0.9743467053837859,-1.315597043714224,-0.9286814420549903,-0.6713156075772944,1
0.6682008907585548,2.2128256825952755,2.2748433815371283,0.7815360883364486,-0.823415334688227,2.1627781931689274,-1.0740501220518828,1.2384205203846608,-0.7408581294416617,-0.8990156515812634,-1.1161153375723445,-0.9029640551949879,1.1796468324436222,-0.6887573551600141,-0.9421112472030739,-1.2894319203500233,-0.9112230353023478,1
-0.6661680781038265,0.15872223982601152,0.11750102044062398,0.15186752182302427,-1.136685923533942,0.14700168938246808,-1.1853243786544392,1.2827015266164394,-0.6662424119932973,-0.5229221542151489,-1.0726358251472468,-1.0509282808393705,1.098145843527564,-0.618058242117225,-0.3952616807928788,-1.2486433948390694,-1.1756443452111855,1
-0.34694704963629264,0.5423312944945196,0.4970578376249921,0.6985441246468678,-1.2419969913868554,0.5153776311630586,-1.0367657218250697,1.1228838161378771,-1.094791504316148,-0.9813068744434231,-0.8546883974962612,-0.764339907876273,1.0275302862052562,-1.2611363269820233,-1.0868362950156008,-0.8674956137356968,-0.7099825634551628,1
-0.2687624564172707,0.21555541709436718,0.1730576402489001,1.0592713371123865,-1.0421643864634633,0.19210986532007918,-1.023610083905042,1.152087770689367,-0.9921876131797567,-0.9101170834671543,-0.9329710737631811,-0.8527455181486712,1.0727582995449358,-1.0963517193659669,-0.9679485777836165,-0.9901566464856227,-0.8412667832010755,1
-0.4739453533299031,-0.4030894791068676,-0.41903671854664637,0.5968340121808702,-0.9416635749667529,-0.41219764671294584,-1.0667372305737883,0.6965468641683593,-0.7033244910320178,-0.8652467811257134,-0.9651837562426833,-0.9958574258890373,0.9352788281953788,-0.5059990249557226,-0.7875741540293726,-0.9230294129361433,-0.9718982841459404,1
-0.8129638485490966,-0.22570258199729437,-0.25211274129210043,-0.10480328336179635,-0.9581803731856403,-0.22511031939861495,-0.9582681184058951,0.8989490999615195,-0.7691069183594631,-0.9944096676589893,-1.0479120886438442,-0.848164348303744,1.0613641738352277,-0.6582061671075592,-1.0469407014925975,-1.1094588913235464,-0.7414877395198631,1
-0.50339553488802,-0.039906941689127916,-0.07481911044112184,-0.012745604152721272,-1.0935407025675945,-0.05386750820787801,-0.9309153758794092,0.8417587881103188,-0.9806513685609015,-0.918888805949044,-0.8700543985536014,-0.9110548769227657,0.9596561318068932,-1.0379125853781803,-0.9271588562976867,-0.8027064051832178,-0.8677926746032105,1
-0.44819086477991293,-0.6647031862481828,-0.6610378265268887,0.8503459212866461,-1.018664726710918,-0.6704387868816766,-1.0082525924973713,0.7779783073133133,-1.0395485574798173,-0.9946038539424604,-0.9796328522561641,-1.0771696919015061,1.0963635946054944,-1.0996243666540564,-1.0048133511237933,-0.9199043338991192,-1.0985311260852884,1
1.1549759709883085,-1.762656924971021,-1.6223291318155444,0.23613565037186524,-0.8414390856816581,-1.7282816653611777,-0.9892322735967016,0.2720223991469794,-1.0497319957688596,-0.936640279372687,-1.0015465703316526,-1.0452260506764266,0.9172550164170202,-1.028980623686267,-0.7437108731273522,-0.7784596467580825,-0.9009364572996835,1
-0.31265251080790163,0.3836352328321181,0.338738566991272,-0.22336394541257282,-0.9261142091662333,0.35842907235666693,-0.92973798352414,0.828668446155006,-0.8723081347780974,-1.0375527234885449,-0.9626575350971859,-0.6590806461392753,0.9624544184738141,-0.8473375048387239,-1.129893709122689,-0.9637175359184684,-0.42856014060534475,1
-0.3288541002967313,0.26704766996349955,0.22359639482698057,0.38611871668334924,-0.9576701817015169,0.24395841064729826,-0.7902041389384384,1.1065641343612502,-1.0306418506653001,-0.8744333615731348,-0.9421028363302543,-0.7401768471950484,1.039293845538632,-1.1557507044966329,-0.9080036168168035,-1.0023088375224394,-0.6599672978403965,1
-0.15767789625506776,-0.042810160951647754,-0.07760881143107247,0.30825687311913025,-0.8221130997246922,-0.06399988851439578,-0.9281718602852568,0.8114176811344569,-0.6698832264191642,-0.8042252382502791,-0.9943999229395127,-0.9184906383717307,0.9515354761255332,-0.4952342779818553,-0.718631265776921,-1.0190961783923644,-0.8720984515122375,1
-0.3760799324043794,0.33736299394512653,0.29292152028258495,0.27444739154182013,-0.9245274024591583,0.3142067957830142,-1.0105954438133418,0.9436984191105786,-0.7567341179609125,-0.856613081685949,-0.9980339798378245,-0.9873469782637482,1.0390923262626806,-0.6628120977162335,-0.8264568166699442,-1.041948066308331,-1.0047135133765395,1
-0.3592993693332907,0.4128097608090765,0.3677062411747857,0.8662597036005729,-0.9226924371021986,0.38811630748873976,-1.0228615494566227,1.1232526634125148,-0.7773964856413946,-0.3871097338272544,-0.9254170407540285,-1.0458946698654836,0.9561939489806502,-0.7878147544111824,-0.18637665729665898,-1.0126265382348398,-1.1684120267979856,1
-0.43759840137457984,0.6030632143203368,0.5581307767791085,0.869435667402504,-0.9118636963878334,0.5772534436892157,-1.0445765956332933,0.943019772943898,-0.5797265036152702,-0.4081641868854596,-1.0451639962346733,-0.8655100295078335,0.9084584833820658,-0.42977929784561725,-0.14288304013713626,-1.1688207815314342,-0.8506167113911896,1
-0.2481494909080266,1.210940568921937,1.184219809688936,0.4983932590263741,-1.0561844223587769,1.1719438474806811,-0.8935428793789523,1.3562551584351141,-0.8972382971628654,-0.48827323039717224,-0.9852372986145971,-0.8195147018490503,1.0414537155272363,-0.9992515123289536,-0.40651270059018496,-1.146677019308584,-0.8693309531653488,1
0.03739781368681254,0.6489455331761269,0.604448840968582,0.31455638212733367,-1.229735262672146,0.6158027243678847,-0.993420776386949,1.3661669621296861,-0.940181148179513,-0.7567755926394498,-0.9139810475520973,-0.9654202521249176,1.0952244334084178,-1.0515444062918147,-0.7844834100680994,-1.0213177476941073,-1.0671080737473007,1
1.5766681911969387,-1.2304950263764909,-1.1673683875932503,-0.3544102798522883,-0.8795407051916648,-1.1769255575636537,-1.1710798687684933,0.5873434210667601,-0.9815762050911897,-0.7267549544799223,-0.9888377754269109,-0.9402080891880624,0.9233444391847508,-0.9825311829332127,-0.4788438660149145,-0.9237064906449761,-0.8298993437520409,1
-1.0232400338139414,-0.4395143238267472,-0.4530295283291526,0.3818163508552753,-0.6389811951834593,-0.4245834458658553,-0.7978692132204795,0.9828422116528766,-0.7207963834984472,-0.7557148473041083,-0.6871580114080011,-1.0002822896794237,0.8299331862678819,-0.7028562616231742,-0.7569371327458331,-0.6315565998145667,-1.1000791537161418,1
0.2005246348375827,0.31879645356004216,0.2745814557845397,-0.1942368451755489,-0.7768062314165239,0.2907790271640255,-0.8612836548735484,0.8554043657818198,-0.5794755891302994,-0.6686252571587081,-0.7904791784606698,-1.1698382148802062,0.847267758494566,-0.4186393648182745,-0.5563903094606579,-0.7271377369965736,-1.332868548601027,1
-0.2010779871929091,0.42616206478218965,0.3809845493254867,0.7268625725382366,-0.8829579920809077,0.39842321819984144,-0.8719195557159757,1.0427134883409526,-0.8959782630695974,-0.4332490645301607,-0.8720028023090163,-0.7331319642113854,0.8633296201796803,-0.9742527241906048,-0.27176588096987403,-0.9365514247913803,-0.7046967307360922,1
0.18865455818285204,0.2305929803600187,0.18779678842778663,0.548856384466067,-0.7747980522251877,0.2038521123036764,-0.9279711991256536,0.7232478911175533,-1.0437093072931278,-0.3961884833260564,-0.9953495502580703,-0.7375212418267243,0.8572656285178587,-1.1429449387952788,-0.0066599876277819055,-1.0232857029210132,-0.5634431012064006,1
0.08278058910953068,-0.2509510305498463,-0.27601180680740534,-0.7530161753114899,-0.6490241986476061,-0.2706188480075989,-0.9292117652639251,0.7815266284114709,-0.9002683303522202,-0.9122772493606993,-0.8828025910724345,-0.9121620334413357,0.9331836807461251,-0.8901531170922873,-0.9045375962772538,-0.809689040067009,-0.8566575447618658,1
-0.1431400565933012,-0.30807545903774225,-0.32991193706152483,-1.0309047685455335,-0.7767926465605623,-0.3254168814846136,-1.059968207799031,0.5999364187763299,-0.8556025752552847,-0.9978727908982241,-0.9804549003196226,-0.9132749154771056,0.9560676679386555,-0.7364770509331832,-0.995836215779693,-0.8985883433313275,-0.770879753033297,1
0.4448460991556128,0.2713149992377409,0.22779336826333574,-0.16269997850866033,-0.6389080972624807,0.24661581660884535,-1.0345368886610087,1.0951462165791959,-0.7303155522182991,-0.955719651695018,-0.8383935488344543,-0.8655071254062244,0.9638715496922451,-0.7037829040713681,-1.0561845677029993,-0.8580525660454016,-0.8827364792424798,1
-0.887681074644193,1.6521388190287303,1.6554886681542929,-0.7177283493442189,-0.8770741980155902,1.6249113189994784,-0.9541580718953859,1.052415338128191,-0.681994523054794,-0.9515310412634155,-0.9034483989455888,-0.9679341434850373,1.007714242326249,-0.5944796652809938,-1.0274134758776527,-0.929942144677043,-1.0148101615491034,1
1.195580256634355,0.8095652195823106,0.7678016051123344,-1.3728574849283202,-0.3219129514188609,0.8014737653082855,-1.0407027195518417,1.24484239249944,-0.5619458150989902,-0.9080102724961976,-0.8140208632986186,-0.9708950474878629,0.9740006254236901,-0.5020734943115196,-1.0159757266724312,-0.8735813171030218,-1.0802501575686798,1
-1.6807739284250551,-0.3856550884654872,-0.40273220787128255,0.6025184889899284,-0.6225014720803319,-0.3239323302018319,-0.751581882306292,1.1172903294314447,-0.9627528230768528,-0.5774904794235853,-0.976033881875357,-0.7923848602426392,0.9998901543354306,-1.0588875291831201,-0.4548996228879749,-1.0766235047979333,-0.7633867938213977,1
1.0197536879984417,-0.012235477122685632,-0.04819881815999913,-0.5239844615089011,-1.0576835746335767,-0.014869126370536525,-1.020069731348853,1.0022021924145585,-0.8794988563301332,-0.6416060060299323,-1.0581887173015887,-0.9182637410489319,1.0526965745406585,-0.8838962400965662,-0.47788331142867657,-1.1632548503021582,-0.9033136254844357,1
-0.09420073143877904,-0.296406599164806,-0.31892102016086793,1.023029592332253,-0.7792476686878856,-0.31445835382261,-1.072609633833786,0.9806706663304119,-0.8333985357159172,-1.0906319187854456,-0.9689636805343922,-0.9893990870167919,1.1001011581224347,-0.7847938631956443,-1.2253269334927848,-0.9804792206027803,-1.0006420106558271,1
0.1531147908001734,0.19296196354187684,0.1509435023543962,1.08196213835994,-0.9213718186716058,0.16666713489989773,-0.9109734124960753,0.8330167595052298,-0.7568923884523956,-0.9437686827509872,-0.8810042948610914,-0.7585144175974147,0.8914441152423324,-0.6789985649733435,-0.9884884001196876,-0.8507984106168429,-0.6372435353008143,1
0.27179474635957496,-0.10305084731162316,-0.13535553827162758,0.38565153130039487,-0.9105530374042738,-0.12422709904594877,-1.067253007056171,0.9176902199287229,-0.5542627716723402,-0.7400614278218919,-1.0277235431282057,-0.9594938475425332,0.9795433111334337,-0.3377165270985134,-0.6407586772917528,-1.1068393886963175,-0.9690079308058022,1
0.2595683244550934,0.43821420275930767,0.3929810447874883,-0.3252801634842851,-0.6640854846897676,0.4087584928225663,-1.2350397812130713,1.062867033987149,-0.7790102441775006,-0.9366714733290697,-1.0775664031440138,-0.9108613156393008,1.1301003622770147,-0.7097931204022321,-0.9716727021502007,-1.1918934512868378,-0.8843944135691,1
0.699817278053391,0.4838961776366883,0.4385481433305579,0.21234115918049554,-0.7880524262577944,0.4616157950562442,-1.0591677065782716,1.1224126225580489,-0.7871907787328359,-1.036469629602601,-0.851742966996942,-0.8755929322421415,1.0086125536078725,-0.7846033955647461,-1.1785600195368557,-0.8707864690164789,-0.8908031418712449,1
-0.9138037186205547,1.4840298249785835,1.4742503686040476,0.6840688702617613,-0.9856403776994402,1.4607202244455955,-0.8692010029276382,1.4116725714357528,-0.9474886210879514,-1.040811245343031,-0.9552296564194243,-0.781051880270624,1.1501426019828564,-1.0589660894461141,-1.2069868150017942,-1.0802388221298678,-0.7898558426624642,1
1.3022515593435144,1.0438166722794353,1.0094069681840165,-1.0015056644934253,-0.7503980546408378,1.0372733107023988,-0.8880656743950714,1.2982589082600993,-1.0235863121574698,-0.946965670621602,-0.9209939772702224,-0.9477459171570107,1.1362105896721397,-1.157879575516435,-1.0446839202834781,-0.9959384092657065,-1.011879405518439,1
-1.7920231118262406,-0.1691742285498658,-0.19843718579901792,0.664489618545766,-0.8056328555107378,-0.10199479797622837,-0.9537511463649614,0.858005737828184,-0.5829596143485677,-0.9378891996270105,-1.0132771073545772,-0.8097778269190177,0.9655178053082759,-0.36234035059904157,-0.9633159956269085,-1.065441269427637,-0.6995828236111374,1
0.34579548846967423,1.034367629925661,0.9995839481435882,-0.003337374998130386,-1.0659178830452807,0.9966960820304486,-0.935165026782531,1.2990636141881482,-0.9883347122051248,-0.7055260802865146,-0.7862429828328276,-0.8941786875800422,0.9847373715204035,-1.1327332444269056,-0.7292918068633649,-0.8467232235493584,-0.9799258925972864,1
-0.02445777349629472,1.1136238567707097,1.0821784531138166,0.22808195309569498,-0.8165724767619802,1.0737366581451964,-0.714860004194916,1.2444422509009316,-0.9350889756851432,-1.0395725362200114,-0.8323591823890175,-0.6709698515452968,1.0076769461418005,-1.0403074982739746,-1.2049087442673327,-0.887120694209465,-0.626421003836805,1
0.29201180037825986,1.3212279591978877,1.3006952156408915,-0.2280456482141704,-0.8867440853076698,1.2786849873142563,-0.7570893136153286,1.5258684890021321,-0.8427454213259934,-0.6495917015048414,-0.7136726769462434,-0.85303683008001,0.9583894476667499,-0.9792525060107665,-0.7350926881845878,-0.8368509774554533,-0.9915031938544654,1
0.19810795778982418,0.4394165483425562,0.39417841961382927,-0.3275161553236074,-0.8981432495689632,0.40956832067018056,-1.0579099227486233,0.8950457173451578,-0.9177618078566141,-0.3806993691858716,-0.9621703564234326,-1.0656775991907093,0.9423561306451042,-0.9496045688647206,-0.04170797792501692,-0.9972100586119691,-1.1499165924317325,1
0.16926873839889198,0.013887393624678949,-0.023017126238153565,-0.1685730384278178,-0.8868377829382366,-0.00966016704950034,-1.0712371568021373,0.9232904839297728,-0.6168922321830429,-0.6444846050179558,-0.9290674517124091,-0.9991474194753348,0.916888320659585,-0.47610001004748903,-0.5135770328893123,-0.9612218480815146,-1.0558586447201066,1
0.6418808937712595,-0.5242523184766587,-0.5317358592678542,-0.36288966168335146,-0.8091260110992363,-0.532351318535696,-1.023039139933947,0.660961381476788,-0.5933971915933164,-0.9013015755535735,-0.9247782029843514,-0.8438297393937643,0.8443095106648935,-0.3380373617958533,-0.873398369056367,-0.8713755864393563,-0.722996418748817,1
-0.8913704920637546,0.5363444188408745,0.49105188836768243,-1.21513779756793,-0.9853836191631528,0.5278069889245147,-1.0010045054319991,0.9338927510245922,-0.8035751985498294,-0.9842687356401221,-1.0481068639847377,-0.7313877790237775,1.044999890048818,-0.7367658711236288,-1.0423929675143089,-1.126620879594175,-0.5640360440014026,1
1.4753809576541037,-0.1425248670783873,-0.1730520205479841,-2.1071839032193616,-0.166629958399316,-0.1172790758519913,-0.982016032422892,0.9576138186404713,-0.8723190151995989,-0.9202643696654451,-1.0704408512034411,-0.606964816621914,1.0336550513703908,-0.8647092898377708,-0.9419571506359892,-1.1775160535546876,-0.37250188358734887,1
-3.2331570735318214,-0.3859054025780895,-0.40296645635819284,2.1342638569468275,-0.22331586314732296,-0.12758441326225564,-1.1761028753334832,0.7429786774911151,-1.025933315530534,-0.8947195896735187,-0.9777339433911194,-1.1956605000894154,1.089550369053104,-1.0676633499387547,-0.8041662605230933,-0.9033381565614191,-1.313911055071251,1
0.6156442543011849,0.8464159023111822,0.8055442880922301,0.15422685105974923,-1.0602737086886176,0.8163044744507364,-0.9185812420526261,1.306516297096945,-0.8977364196921386,-0.8486974014531903,-0.7943996155921714,-0.9897825492237539,1.0254734466730344,-0.9936238656258621,-0.9280513948887846,-0.8435788318170336,-1.1079907599029344,1
0.3204811499838681,0.6737091981679466,0.6295113852293144,-0.40992891629559935,-1.2354895777396926,0.6412328942456184,-0.8230916338773964,1.406049790693706,-0.6927527271290896,-1.0285593062953384,-0.7880787753520179,-0.9431464554274106,1.037105962832657,-0.7201817044469319,-1.208998681495854,-0.8656531210329497,-1.0608280194825577,1
0.37720648519593114,0.23969678655674098,0.19672793504178485,-0.18422365691752277,-1.2205568567742795,0.2144725046142091,-1.06359644030113,1.0411984158696599,-0.7228382338549467,-0.8656234660615404,-1.0283480715445863,-0.9007135588103536,1.059829534070741,-0.6350389308612522,-0.8669524860479371,-1.120679591138988,-0.8851087440875978,1
0.5874026958474036,0.25616946015203546,0.21290353386762345,0.37368424785414567,-1.0232876316983723,0.2345399981130983,-1.0457361285517093,1.1470745683419281,-0.8377220130054149,-0.7426918919593613,-0.9773497397611624,-0.9213326203654083,1.0518672786838525,-0.8568989567853746,-0.7055001319487765,-1.0699939631703284,-0.9548343445222869,1
0.3811883542134449,0.5586016181798109,0.5133931823295799,0.16078806595815337,-1.0360477443668443,0.5285820214490166,-1.0105017486087353,0.9530287424351274,-0.9883299524973754,-0.5071028081376627,-0.9847186814927148,-0.9438520333254169,0.9857195512956116,-1.0694568754114995,-0.2623439330466481,-1.0413123643496207,-0.9524972604951796,1
0.7014084376554864,-0.05627057243973368,-0.09053488991597596,-0.09049969222660416,-1.0986105834634992,-0.07001904013703449,-1.0177293251499453,0.6953130796709451,-1.043554597178079,-0.26608957189359467,-0.7162131530186961,-1.0233438712932506,0.7135051000909723,-1.1658882684819203,0.11872523268254706,-0.5900069262681816,-1.091670918217028,1
-0.49864751566426757,1.1436318906134535,1.1135698100468787,0.9836731477054664,-0.32138664840497505,1.1109800598242683,-0.8474730659288424,0.927725113964753,-0.7130824764493283,-0.6287685352811605,-0.6804099621056661,-0.8693666405196226,0.7573758777733269,-0.7013601359022582,-0.5738023348376012,-0.6354989856189602,-0.9114976835923226,1
2.1227537139377097,0.021362876462670464,-0.015801832006474458,-0.6037060585556011,0.8281088989161891,0.0968257676041899,-0.7534946065349475,0.6391528412248216,-0.7859053920858167,-0.8697765637969362,-0.801569967916971,-0.8609515379898177,0.7885147053114996,-0.6919948916190711,-0.8301178508409927,-0.6614746461335259,-0.7686360851542159,1
-0.8798883607690641,-0.4659117595467773,-0.47760406389748755,-0.016756970098051233,-0.6989717413065737,-0.4581179224236278,-0.9216963472345026,0.8758483292312045,-1.0011999874280253,-1.1032818075978568,-0.9658898500640698,-0.7855742304122656,1.0523696170247279,-1.0603447857743942,-1.2374711822612199,-0.95250666259144,-0.6257994102519052,1
0.2792327789504053,0.10756461531714424,0.06769362301177395,0.3269421100093076,-0.9621162586557186,0.08326688182534639,-0.9477904524405986,1.1261269741731306,-0.8123583051283773,-0.8060944599765055,-0.6148873097274462,-1.0601702586387582,0.8674980958916289,-0.8704692306907413,-0.8667185037851608,-0.5695515909542427,-1.2119252081007355,1
-0.15077155153735544,-0.21063212456844752,-0.23782558852547483,-0.08730352666699595,-1.0799398335768404,-0.22935939877947212,-0.9251831834177852,0.6934357595397771,-0.7210853292059329,-0.9397788992284732,-0.7688003099714502,-0.9258129419566586,0.8055197212410354,-0.5967833574885824,-0.9658652900859487,-0.6239798606570875,-0.8958804575280437,1
-0.06982448285296178,0.18880432457544713,0.14687811648860277,0.15865465072023494,-1.2496852769528533,0.16319521684102414,-1.0327360621140735,0.9949211547563556,-0.843624178174219,-0.8650869828753595,-0.8436424581195994,-0.852176344684775,0.93679789249911,-0.8588010350706196,-0.8929327767012925,-0.8372101567619209,-0.8372346643460061,1
-0.04377421541128072,0.475088770348065,0.42975105903632904,0.7503882776035575,-0.931109512022377,0.4449599387557776,-0.9737285722765405,1.0473669404913009,-0.7107585661140559,-1.0100990628479647,-0.7621959039854048,-1.1016619403817502,0.9651896264634611,-0.6558251448434849,-1.1313095616206794,-0.7109443447025547,-1.236422614315003,1
-0.18832495381322173,0.010711487618392022,-0.026081261272783,0.585122236686076,-1.0308649516543567,-0.010883908389135728,-1.0103704940672829,1.0919391173711883,-0.9713683986861577,-1.03382884056751,-0.8901573944125933,-0.9990471845190808,1.0891628478290896,-1.0478185875890618,-1.1517884242290746,-0.888652190070188,-1.0516651327175925,1
0.07116373773807891,-0.34831848528776027,-0.36774084025967035,0.12255873623933063,-1.4623105092640454,-0.3665059984013769,-1.0710575141353873,0.9960310899113788,-0.9399963263097806,-0.8653757023393417,-0.958128828166669,-0.9549204582740969,1.0549217865846703,-0.9826244101955264,-0.8536195284623797,-0.9841103921597526,-0.9614989586245503,1
-1.0604689813688628,1.4688325230398678,1.4579675885732597,-0.5509004332189432,-1.07112656711537,1.452759496342326,-1.0504397791635278,1.4516786025133135,-1.0137103858752485,-0.5667391234658209,-0.9407530115263966,-1.0334291570304956,1.119117778194331,-1.1681047005629577,-0.5228011531953152,-1.0794371807101846,-1.1782985887003594,1
1.5021593138722709,1.3138481879619364,1.2928737281894482,-1.460734577116258,-0.7421463731017559,1.3141513454414813,-0.9762880708381908,1.7773732435169038,-0.9408490626160683,-0.5432609560258551,-0.9539906026604369,-0.9801131707851097,1.1635435901756064,-1.1056244457761308,-0.5870590804668993,-1.1664594245417865,-1.1547953937637716,1
-0.8228229608992962,0.04787156870323216,0.009817010725050502,1.2746121258795093,-0.5546431399519747,0.044356398208577334,-0.8717878707185532,0.8960876947692354,-0.8460525231926682,-0.6933369971875257,-0.8267659157736633,-0.7856507949087033,0.8469149004084001,-0.8623756913000271,-0.6155692215799754,-0.8084814831437374,-0.7315435970737203,1
0.03378696076623288,0.42609497223950266,0.380917796142415,1.0821040182824475,-0.8507301925475926,0.3963221553290402,-0.9036557254885056,0.978690975328809,-0.9288902429984961,-1.0164136019248144,-0.8890950032356343,-0.8026353008067298,0.9978984680114356,-0.9744948588904264,-1.1193320974088292,-0.8799783641012118,-0.725455738378713,1
0.1808155087680219,-0.108772365052752,-0.14082644423107007,0.13100478792791653,-0.9434113907819476,-0.13042805093368748,-0.9080996700038104,0.8259733150986477,-1.0115947750819443,-0.9582072336185403,-1.0117865165598154,-0.8206662324917623,1.0475595284889,-1.0688320133194558,-0.9652101860878899,-1.0206717962563072,-0.6663886864953683,1
-0.24541707507223567,-0.41021647394002236,-0.4256954567861564,-0.5815532040435908,-0.652026987878631,-0.4244940895026557,-0.9622537448656661,0.536671425913279,-0.8307032179841396,-0.37721880919705697,-1.0973360110243469,-0.8949802244632681,0.8557330015900708,-0.7010769907714149,0.18449848103549416,-1.1452898410900325,-0.7498337012025076,1
-0.6116885182392988,0.385286324824684,0.3403762977576463,0.7207245558879405,-0.8828548682890193,0.36801246944565835,-0.9825765539675876,0.988619467178163,-0.866709914595006,-0.9091798233634947,-0.9077009302349293,-0.8854047744444902,0.9976767812435734,-0.8752852170041189,-0.9434432464540984,-0.9163446581192332,-0.8646177516434101,1
0.013643785040369335,1.2122930930524816,1.185642856781306,0.8666537035838233,-1.0701218043522613,1.1707379026290798,-0.9682850605567955,1.4275321369650207,-0.5884566788635314,-0.841022964782597,-0.9834088468798993,-0.93771277001149,1.1023151948603778,-0.5520186204366186,-0.9243892882168048,-1.1434979591081404,-1.0394203771626038,1
0.47143525488989335,0.5029114443415253,0.4575603857063652,0.5444694262668084,-1.117475041378397,0.47512251683392576,-1.0790621879883002,1.419403762799656,-0.8493938716759138,-0.8233410475754,-0.9565059736145295,-1.006160260946703,1.1410924091335466,-0.9175216872894578,-0.8840360282376135,-1.0873955096359438,-1.1268845088958814,1
-0.5572986673655828,0.8318472625052151,0.7906111832104337,0.2905491754680315,-1.1948090755535556,0.805758970384452,-1.0957357417610567,1.3172898926086303,-0.6658653847028265,-0.8558887162296075,-0.9759625978767962,-1.0263062152986755,1.1100950843171253,-0.6247507096063499,-0.9156307815418022,-1.0993091623163,-1.1428031254466446,1
1.2811496393733288,0.012061478333983213,-0.02477887108835615,-0.8925418971477402,-0.6694315510064035,0.02237609247914104,-0.9601186591631528,0.8801520026872582,-0.6282229728516456,-0.9159287641332946,-0.8461889065590313,-1.052755472154086,0.9239342118572099,-0.47093382086881647,-0.9454777387750533,-0.795889107879475,-1.1296478837017176,1
-0.8975473775596843,0.2303492111735015,0.18755772544832092,-0.9561392650470272,-0.42147574670851434,0.22723752997810204,-0.9313620258906977,1.0082904213433226,-0.8382320291559416,-1.0651646977503324,-0.8483720162706281,-1.0007859976454911,1.0213971619921467,-0.8270680355654546,-1.201544235034681,-0.8114884107484085,-1.0512268475719393,1
0.14364605411492162,0.3612693847669612,0.3165732695184138,0.22803349241110035,-1.1592645927745466,0.33241606932871304,-0.9739802952484276,1.0450443060287984,-0.917061568931191,-0.6450433567587288,-0.9047605381235991,-0.7295042370300645,0.9280375147548869,-0.9896720429293068,-0.5649231545915917,-0.9625183170521932,-0.6692742317098197,1
-0.10058956222510157,0.88860574262935,0.8488767851217586,0.025686735440420713,-0.8552658356173417,0.8526788928029703,-0.8493321633993735,1.2105190925641343,-1.0306088308885404,-0.6347641850891979,-0.8380105746684458,-0.9131206251626021,0.9899689317592316,-1.1802514755363147,-0.588943373102645,-0.8909949433407509,-0.9812047267670811,1
-0.24545352819468946,0.5693043237502573,0.524149170175056,-0.7427068239549706,-0.680807524387977,0.5400567450211723,-0.9438585205792637,1.162782007732765,-1.050997170491668,-0.6097471877078408,-0.8777054986439422,-1.0053623677975678,1.0212986269811988,-1.199146915355861,-0.515383900523089,-0.9233408057702868,-1.0986795593887435,1
0.015522177851563576,0.09332095428273698,0.05385981978251082,-0.6266919995114265,-1.0553147987952993,0.06863086831991368,-1.1056623009216668,1.069083289548382,-0.9303752160975036,-0.4556615952362268,-1.04460978428889,-1.054517514167764,1.0620425847515302,-0.982330181038427,-0.19739153202764784,-1.1564566287489033,-1.1432502198855254,1
-0.03507951613402621,0.26571149600173205,0.22228252309799523,-0.8905247111728114,-1.0348662438556033,0.23868690238481435,-0.9853130359281139,1.322803833695668,-0.6931964013809109,-0.6356186136463912,-0.9099625146857602,-0.9419735991505334,1.0111410094791866,-0.704944590320348,-0.6240302864935128,-1.0325415004178147,-1.0466149111099292,1
-0.27914544364277427,0.025879885394556528,-0.011440067888779227,-0.34747849839032513,-1.275589618009411,0.005527456734430107,-0.9595420407661067,1.2029851328025594,-0.909515987570508,-0.5695127433083044,-0.9912373476522214,-0.715206192005235,1.003111448973028,-0.9945701180987496,-0.47998525275176657,-1.1260473957339823,-0.6776739000622372,1
0.06581978390064432,0.45584728656216783,0.41055177858103536,0.9537567795722255,-1.1694178866236038,0.42555052330247345,-0.9901612373339124,1.3857462560706852,-1.0615885680624835,-0.8765660146075848,-0.9868987542030797,-0.9155752456858013,1.1821940274077687,-1.220763678900263,-0.9438329464959182,-1.1129019267297888,-0.9723084075492865,1
1.760649129468647,-0.448790282347482,-0.46167070929366333,-0.3983656762301006,-0.4593328186808826,-0.3960600590489328,-1.0336451819839705,0.9583408316881811,-0.8671076858541786,-0.7019894184094763,-0.9911497964333628,-0.998885930421163,1.0266048028707992,-0.8583138665786322,-0.572507583981516,-1.0394316127338454,-1.0323102609323072,1
0.6801845046717496,0.939470065817077,0.9012910372761374,0.6949238460756324,-0.8579793150941967,0.9095265894982113,-1.0452640892374039,0.9941724376880677,-0.767255517633943,-0.8848632601864284,-1.057653453968812,-0.9297979910469402,1.0885999494322218,-0.6806687183838637,-0.875140857038942,-1.1487829925738642,-0.9073803889213633,1
-0.538727354611368,-1.100108655909868,-1.0527518814060581,-0.0005069283635911828,-0.9508232070986458,-1.0961538173077134,-1.2159164294544926,0.49011939339378513,-0.8124893961960314,-1.1725664795031554,-1.0915416024466393,-1.0048567380936269,1.0764510586350873,-0.54989122631768,-1.2996176895760851,-1.036180078495861,-0.8563157023744207,1
-0.4732034818649942,-0.6382783363149642,-0.6368202731622513,0.18051823896216845,-1.196777590317761,-0.6437104516677934,-1.1482081375224535,0.699431342269575,-0.7419505559488594,-0.8678733687196306,-1.097058557009433,-0.8213564918325906,0.9942710735915029,-0.5509798210911967,-0.7708505147946406,-1.15720124942999,-0.6301464202513979,1
-0.29473906998297544,0.008558416755415693,-0.028158140463454995,-0.16881722820398545,-1.0124493105782728,-0.011234687853191618,-1.0311478396859775,1.0680084130940888,-0.7183105523709126,-0.8406087078551394,-1.1109811366478624,-0.9241892176249897,1.123508071866516,-0.6124761193503455,-0.8119168827918127,-1.2541666864009375,-0.910627840763962,1
-0.5776833452182235,0.38657658053773386,0.34165625044118547,-0.5525089411786032,-1.0129391711022,0.3681642359670979,-1.0575619352026606,1.1977179794698003,-1.0969197908579975,-1.0305324991712104,-0.7790606398311456,-1.0752929652217549,1.082264858789254,-1.2661476226546011,-1.167982840778017,-0.748458452594123,-1.1994605434784924,1
-0.63887143874137,0.4685268932947979,0.4232005450682247,-0.18618493219322207,-1.08398710537552,0.45085352151468683,-1.015962086156597,1.4934228033483747,-0.8557735931946047,-0.9012992738936324,-0.8644197253252494,-0.9406280180599266,1.1026833444808335,-0.9530027527609208,-1.0272447091641346,-0.9823188427813099,-1.0589720175323973,1
0.30674794215986984,0.2839701256528413,0.2402476459720086,-0.501052945799664,-0.9818537467424846,0.25725819891001606,-0.8953204350303271,1.0503897176185009,-0.7362740792405288,-0.9318960249223267,-0.6544959115990637,-1.0000499258173416,0.8676424967868155,-0.7347150135689404,-1.0348924660380678,-0.5921388082098533,-1.1059728444119425,1
-0.7766587841637037,0.6348219863499031,0.5901748307860782,-1.2699614127506587,-0.6100102249776133,0.6196610086594374,-0.8057414546045384,0.9518453375617895,-0.6694040752770515,-0.8379966311591515,-0.7262842367018294,-0.9595963754636947,0.8421016107762741,-0.6070313697529977,-0.8694460515683243,-0.6718644039704337,-1.0254644505283181,1
0.5628433041442432,-0.13727569221879315,-0.16804576020931544,-1.2924789951056086,0.008049792373399116,-0.15338160572798396,-0.9584786443083303,0.7754860080439107,-0.4800294295023732,-0.6425579962282615,-0.7545600311391514,-1.0007346318284251,0.7413705385319084,-0.27764817323484003,-0.5307759444618139,-0.6842663122235055,-1.070409374312019,1
-1.5769111606271107,-0.3154855811360988,-0.3368863947522544,1.396898149462711,-0.9559801022855186,-0.2641647329698385,-0.9782026168694179,0.9774259340668804,-0.9592892794667465,-0.961697771559581,-0.8762054746934637,-0.8417645979123295,0.9919334314985053,-1.0255553593398883,-1.029359631621876,-0.8597652753696444,-0.7914783093042367,1
0.5003934341593479,0.5234502935221218,0.47812554786673644,0.7010802342115204,-1.1465326126386788,0.4958714528830603,-0.9470593005309218,1.2594006588195223,-0.9141341083432509,-0.9400618936458559,-0.9399023102756999,-0.8889658748894786,1.1040808805235522,-0.9889997577914674,-1.0332810031030977,-1.0257728987317332,-0.9209704036218006,1
0.005956728863617637,0.3623578870860946,0.3176511681503948,0.8251770829609604,-0.75490410963572,0.33365139161701485,-0.8553400431638414,1.1515846500891742,-0.739026375983466,-1.0305361601618397,-0.7680221092518548,-0.8614141742328758,0.9523361471458436,-0.7400733951009678,-1.1862338660723404,-0.7740858846418702,-0.8993593099383399,1
-0.001973709990124747,0.2957678261511123,0.251868609835913,0.4414346734175105,-0.7252810592776595,0.2681026223330193,-0.761381083321928,1.0733921967447007,-0.9898707323498322,-0.7778201193561316,-0.7804249940945451,-0.8448877509316274,0.9257615250007187,-1.108219549538077,-0.7846710261872307,-0.7729796192785555,-0.8583705578371008,1
0.17873631105706905,0.6030467369576533,0.5581141704674002,-0.3329247566559621,-0.945660719854175,0.5706504002533761,-0.9465450019207865,1.163947489419343,-0.7303152964899349,-0.6106285896352938,-0.911774631937216,-0.8181699328701032,0.9462350117199311,-0.7332743739989553,-0.554085483571276,-1.008674253841301,-0.8413139235850838,1
0.18084844249883283,0.7393854061919962,0.6961965252548803,-0.820213404630776,-0.9727232160299037,0.7049413157761198,-1.0452439261087874,1.125701270144634,-0.7144125552742315,-0.7749475664781409,-0.970823839264416,-1.0723719410703683,1.0630576715699525,-0.6512228468771628,-0.7451973752134635,-1.0482616511871439,-1.1843138314341806,1
0.41382535528033815,0.37252372003173356,0.32772213594185123,-0.01466380213292351,-0.5791680467768499,0.34579376480306523,-0.9508457725934742,1.2488836359449196,-0.876614279926983,-0.44804511868518043,-1.0397691098013786,-0.9352106990266938,1.0635781992615798,-0.9395573138804165,-0.2823087502283569,-1.19721814268233,-1.0015534312528507,1
-0.8309970711258954,1.190300192970938,1.1625197367986988,0.03833472534184356,-0.8849651525398632,1.1682772388162137,-1.003536197681229,1.3049489166373343,-1.045583365803813,-0.7432296144460178,-1.0546513203920311,-0.908884714060976,1.1757884665932652,-1.1865148006316761,-0.7137670218307133,-1.20366247155114,-0.9415705734990502,1
1.4772816893187355,-0.2449956972571613,-0.2703789349539438,-1.4701534031368253,-0.16177621460085478,-0.2177106633520743,-1.1182248354604967,0.6403016807016882,-0.7482556274192195,-0.8946373342235008,-0.95995628471073,-0.8256398654771231,0.8844990442930194,-0.5836584455105459,-0.8385778111822817,-0.9094090293859767,-0.6608570095819244,1
-0.504758854640648,0.5716306126356857,0.5264881438099335,0.147399358626377,-1.1886075622428074,0.5481011555648713,-1.0043168357458947,1.2158101058874984,-0.8177923670991898,-1.0988088651915893,-1.0355597336479208,-0.9359030921071908,1.1889352566731723,-0.8025563061865775,-1.2621049056553895,-1.1442469495866876,-0.9543225513179526,1
-0.1769310842520922,0.34006714153542567,0.295594776792141,0.15994894302396148,-1.1542004117644913,0.31330753045191334,-0.9360435573032652,0.981797342876332,-0.8951264423011522,-1.015797795989617,-0.7769565983802487,-0.8937555375778776,0.9416067962041546,-0.9358060265089775,-1.1320471613767578,-0.7165477641646895,-0.8967520998530062,1
0.061824528945397625,0.14231790376711145,0.10150889397207863,-0.6519113366934982,-0.9426084762930471,0.1167524840145829,-1.0737761089820743,1.1153458549401212,-0.9447555376519972,-0.7821679152298917,-0.8745280235732195,-1.0709651472697486,1.0406828630617084,-1.0209429474661706,-0.7617673924660344,-0.891847469992469,-1.1850791125614972,1
-0.23030784011341401,-0.3612990498412118,-0.3799175639317765,-0.6298657151688277,-0.8107506447930241,-0.3765807483937371,-1.1670060701291138,0.9324782652888929,-0.785911772438632,-0.5454393083483876,-0.913934832551616,-1.0830705185467273,0.9384056744224024,-0.7454154371302211,-0.3428936539853877,-0.9297663704263928,-1.1883800656024306,1
-0.42019485582062777,-0.4044568824552697,-0.420314567750999,0.2868299855692823,-0.6735390616287878,-0.4150211539461755,-1.1770636942693447,0.6254730258051077,-0.5470417358888314,-0.8366669355586784,-1.026077764843611,-1.0560904565322629,0.9330383536596573,-0.17803635684301103,-0.7043465650777131,-1.010997554853286,-1.0587996281731182,1
-0.33570847401158493,-0.04221682475940825,-0.07703872507607307,0.03217622145538516,-0.7697199054643424,-0.0603988790020881,-0.9517436562625962,0.6844858568500296,-0.6137614973204268,-0.5579057043185289,-0.9634149936383617,-0.9687587609919173,0.8356903284483301,-0.3920444489755685,-0.27885815649222995,-0.9576642249480904,-0.9547171677990176,1
0.18772426880850773,-0.5105325786386058,-0.5190281691623336,-0.5939858946434262,-0.8933444298904297,-0.526100460027488,-0.8656247455538729,0.6346017837388261,-0.9720113848528217,-0.5976749348035785,-0.900598782919585,-0.8485986406579594,0.8224869844531016,-1.0050304439151494,-0.3258960293188994,-0.8237431335289965,-0.7289797978710485,1
-1.2655206246762314,0.9901651055003046,0.9537183083171145,-0.46532733795814535,-0.9605469760441363,0.9940118275770635,-0.9564249097019706,1.2501496946129247,-0.9535729453326088,-0.8109060736231443,-1.0285238771346583,-0.9005784138683687,1.141977973490203,-1.0396983509737359,-0.8155630912218402,-1.1559697134391986,-0.9234986178658569,1
1.1742938366000235,1.015217726892491,0.9796960639315951,-0.7627541196441568,-0.4584250184273595,1.0025867278493557,-0.985116578067331,1.3089260631588495,-0.850711086701967,-0.9026613938029032,-0.9760028357834872,-0.8415901585748784,1.107992473902664,-0.9025162784126931,-0.9859395204246055,-1.0976623606562712,-0.8628017730593455,1
-2.2309505825646117,0.598025753027445,0.553054814102713,1.3869784699685825,-0.2047953201994109,0.6916968244373419,-0.8133767492348422,1.2035972429489838,-0.9762033537800526,-0.9211687229092441,-0.7759776571903664,-0.6782465117962908,0.9486145678008684,-1.1063142107713595,-1.0329093232126494,-0.810216357898388,-0.6487802879225241,1
0.7784106819279561,0.9574505767693808,0.9198645184060388,-0.04987752709565324,-0.9119992332306646,0.9300365248289537,-1.025914366127747,1.0961262721718819,-0.914138553778001,-1.0497130768262304,-1.0819666362974318,-0.737916656915045,1.150216272704651,-0.9397746018482368,-1.1668061471830653,-1.2031005967149244,-0.6006151118181232,1
0.2511262918369929,0.06513998562987096,0.026533282525880053,-0.2417339291128778,-0.7835763667200027,0.04125835625195066,-0.9312422662898497,0.8670038009257203,-0.8736141143208115,-0.8087405192406323,-0.9159653401822638,-0.615475615303289,0.8828279024549027,-0.8865277436485935,-0.7765483448949069,-0.9305493654238166,-0.42444583981238737,1
0.18959729088006558,0.16103618228122854,0.11975839499014804,0.4147434294139149,-0.5802370343860155,0.13534832920531648,-0.8146523502587519,0.7327989474509846,-0.8882953557428958,-0.3984165862824792,-0.917148489552345,-0.8196088354932526,0.8027919902115598,-0.8954841605206175,-0.05926416175728401,-0.9107217815940405,-0.7349826020052262,1
0.2987284127115789,0.26507740111906475,0.2216590574545327,0.5411026791461739,-0.8118585869201148,0.23857374717528326,-0.8166746338316903,0.9558599986740577,-0.5628199576987598,-0.929243683935497,-0.8037268794099346,-0.6379169645429287,0.8205389537614061,-0.4553373371703378,-1.020371376213189,-0.8112636777827892,-0.5433385814538404,1
0.3017044033527398,0.4487302046477976,0.4034571373667507,0.17724265251135457,-0.8328245317028989,0.41947499050084686,-0.710112217746745,0.7762151847256885,-0.5629491674670802,-1.0146136833094952,-0.8594011218933494,-0.7572913182668874,0.8398415996317029,-0.35392536428684446,-1.1076168594878326,-0.8111831628679269,-0.6335937381608018,1
0.14277374695967823,0.2226169908095009,0.17997702880689137,-0.5709184603090423,-0.7611525709819895,0.1958513290477577,-1.0215972479126512,1.1667962033060109,-0.9991707309042068,-0.9821701282950713,-0.9963510396160521,-0.9411579238400981,1.159577582370456,-1.09320908606295,-1.0662519653690108,-1.0716573326033487,-0.9575922957157308,1
0.05445181061366523,0.7242604722869971,0.6808114000668981,-0.12571727956097858,-1.2852098713932918,0.6899399860621005,-1.2147385350974194,1.1788020268904198,-0.9143818919931348,-0.7062726533444903,-1.038916636591969,-1.1492723383193815,1.1639604302285411,-0.9566314315273995,-0.6121514616009551,-1.1470708260845457,-1.297198030914837,1
2.0372110549490148,-0.4799512900261898,-0.49065341043804733,-0.8571286256923624,-1.030458582993754,-0.40157042065857235,-1.0591257809341836,0.7178873521839023,-1.0132684259827114,-0.6605524500815501,-0.9807679851050971,-0.9059788171713934,0.9424253655190808,-1.0703055484065214,-0.419735089825227,-0.959123274185195,-0.8159738612813685,1
1.4425594787289153,2.1611066601560793,2.2167542626483825,1.4228678635876904,-0.809974689471126,2.142834490222261,-1.1710268838552713,1.1090801430103165,-1.0910826569449958,-1.0001699836965519,-1.079544948020618,-1.0602417682641356,1.2648262167234832,-1.2215529029393442,-1.05915904731972,-1.1702158325443432,-1.1126879133708285,1
-1.029988597876972,-0.5119514838617384,-0.5203430429806067,-0.8285311581146971,-0.7973099838619296,-0.49536427236442204,-0.9827254513017439,0.7394649284110122,-0.7260538896630369,-0.8364838416700149,-0.9206361277803999,-1.0669310891723025,0.9338560761381799,-0.5679708949334291,-0.7533983328547518,-0.8592998650995541,-1.1129550315342491,1
-0.7832563108323263,0.13964494205238112,0.09890495534225312,-0.4616246080535036,-0.9101568064792873,0.13288442013031795,-0.8568512541662255,1.044083374930316,-0.6604673087063134,-0.722681405182218,-0.8297359502599985,-1.0092324732465991,0.9169001486834364,-0.5966079075131308,-0.6915591770128122,-0.8446077332021367,-1.1042340302863447,1
-0.7482040990656572,-0.43937110407694246,-0.4528960603549554,0.17481500618279516,-1.0003260821009052,-0.4380864839533291,-0.9826280310025872,0.8146961942466858,-0.9906266959666543,-0.8412762355217378,-0.8271474079699976,-0.999227508673281,0.9284415507054011,-1.0560134068814744,-0.7938866198190468,-0.7274209777944235,-1.0197182131389497,1
-0.6162558198409492,-0.6819895815463345,-0.6768527583242118,-0.002355730009863208,-0.9732030706187861,-0.6819979743119607,-1.1169580662831209,0.7813857457394655,-0.8841558554836801,-0.9604827405100501,-0.9769132527142663,-1.001870570495047,1.0320711472324424,-0.8307177804527934,-0.9602294468379122,-0.9421854071536329,-0.9801585810113851,1
-0.8347395426936053,-0.37948118302618966,-0.39695311104871894,-0.6679782908808402,-0.6469996732448816,-0.37531748440494156,-1.1382503078208257,0.8117689258432158,-0.6346690457788184,-0.9396308706780779,-0.9784970108279345,-0.9509744542177911,0.9736006154920659,-0.42335043103581477,-0.9497313407243948,-0.9813674120383263,-0.9203342137545477,1
-0.5431989162527237,-0.32057632212881676,-0.3416755179483991,-0.5748125965776271,-0.8462472914139882,-0.3288766589452095,-1.1950085891740614,0.9029097054462883,-0.5229571633133325,-0.952628142254219,-1.057031060611144,-0.9311383659882401,1.0315189589447429,-0.24768130322448723,-0.9825832035270374,-1.1371947513887546,-0.8980222448829781,1
-1.2927832463224895,0.11379051033046457,0.07374500962762684,-0.12377118558954713,-1.120555515917481,0.1354146471779642,-1.1868149502077532,0.7977526496830509,-0.7534838946678163,-0.8338198843276006,-0.8894509068427587,-1.0870546085499144,0.9405744803509984,-0.6386893028348146,-0.7695419594931935,-0.8261365339828812,-1.161998972452969,1
0.9990404920897277,-0.6951326341725573,-0.688862477884275,-1.221611691674899,-0.3852164555852327,-0.687323619724154,-0.9454766151205616,0.6016920352245408,-0.8056339411110495,-0.7766557748483058,-0.8528828065563011,-0.9553702942486906,0.814108365810489,-0.7001938463195052,-0.6353263341994355,-0.7205525011393357,-0.9074250093221398,1
-0.40211985841511566,-0.03087088367751479,-0.06613244167050365,0.04058105788085676,-1.169802562386683,-0.04770714216631459,-1.0914279575389532,0.9419850805883275,-0.7858836490703858,-0.9079875677754404,-1.0026451061496842,-1.0119454866449151,1.0662238150546846,-0.7016820436889392,-0.9058851752571339,-1.0398575277595115,-1.037863074860355,1
-0.3714097333956646,-0.2780507814458792,-0.30161158072204847,-0.0022706021890011537,-0.8835003348998333,-0.29178946549293827,-1.1285944801759802,0.8498259114504855,-0.8751115887551495,-0.9381508224941953,-1.1101227661032522,-0.987036611268652,1.1418498755889426,-0.8023627000187982,-0.9074653421663617,-1.1867535688381978,-0.9410122895723994,1
-0.19505962098952467,-0.008310432140340935,-0.04441836065235537,-0.16644038827798333,-0.47160705753956544,-0.0295205648508644,-0.9485323362543476,0.8491083544835699,-0.6262367835952741,-0.9097634549768939,-0.9998586267834967,-0.890891472755127,0.9758016588359583,-0.4265148187332309,-0.9083855802229344,-1.0341155348272197,-0.8298511201514956,1
-0.27174122330872,0.0315498370608651,-0.005962883410832427,-0.13028304160682275,-0.6170340202390312,0.01097537451084243,-0.9495398937087831,0.6714531124403029,-0.9225520468010004,-0.8985551689405291,-0.9851022240893357,-0.854901529833894,0.95643107065335,-0.8884184621826876,-0.8315133625094296,-0.941140350859042,-0.6957878530842028,1
-0.3303932239618977,0.29422591977586265,0.2503492263693319,-0.49122439599847695,-0.9040620419235343,0.2707498815365343,-0.9410745271911193,1.1540746933347612,-0.7905045924313272,-0.7843594803386977,-0.9062676848243033,-0.9689995219612779,1.019865554752374,-0.7955303798109352,-0.7863382322366741,-0.9673134286862212,-1.0409262430102766,1
-0.5148839397425495,0.6836249453066694,0.6395593286746214,-0.3810317906132611,-1.0947436125065888,0.658625488205689,-1.0702309245579922,1.225925889603892,-0.7582887916118667,-0.9127581760873568,-0.9113004184571452,-1.0366210147348003,1.0785626749829702,-0.7476469233592857,-0.9894104727173008,-0.9776426290771956,-1.1464611301916483,1
0.27817071304905683,0.7681651026640778,0.7255173199661753,-0.16669711241167132,-0.6653407809852698,0.7338689697748667,-1.041722218276005,1.3741929708103318,-0.8837333913519476,-0.8651695061704304,-0.8510409219236162,-1.0196596362424302,1.0832505683382285,-0.9730051488065589,-0.9523660832231877,-0.9308674592355123,-1.1514279042063205,1
-0.6878568739538616,1.3157766603079075,1.2949172464794,-0.8159128422300598,-0.568904793287392,1.2862478189287034,-0.9483132916076373,1.145286644414812,-0.9792733748785312,-0.9589467311019844,-0.8659457221213182,-0.9428170532486768,1.0571555351876503,-1.0778737874977222,-1.0488125393835628,-0.8821785902226509,-0.9862957653056172,1
1.148290914210127,-0.16400491029862235,-0.1935171333097619,-2.031398056955832,-0.22263274481600262,-0.15787790198096913,-1.032393449181126,0.8968556007091912,-0.8679603189876227,-0.9959375363851217,-0.8275051469273695,-0.9399694725981388,0.9510757073203235,-0.8647305381554049,-1.0772851487315507,-0.7575782521239411,-0.9394107827247958,1
-0.7142448439535155,-0.03046690234125507,-0.06574394186774632,0.26775234163566614,-0.7443007316233455,-0.037280797060428826,-0.9925443245950828,0.9169894843406693,-0.7466670675989358,-1.0144490663887167,-1.0110685315269325,-0.7146979911900883,1.00626091397803,-0.648384629415027,-1.1000257106610158,-1.0676681665330758,-0.5469778864344633,1
0.19322921174080493,0.07059509158174154,0.031818478815276136,0.17886575598717364,-0.7750616922961656,0.046287328266051316,-0.8073969940305041,0.8142017692480242,-0.634471722356663,-0.9142775882613404,-0.9533632986097398,-0.6656828556486499,0.8817578023129959,-0.47066761125975526,-0.9357867707921368,-0.9746249053543221,-0.47812673414117474,1
0.021225321595179945,0.05576714754211649,0.017457439636826166,-0.9120825572331663,-0.7772631499959017,0.03162080670477301,-0.9420517080290545,1.1429168050772367,-1.001727130172158,-0.6084770523284572,-0.9909918845023267,-0.9027696622752667,1.0556779450527183,-1.1131272094555555,-0.48756779258300303,-1.0900546622081613,-0.9231514134354464,1
-0.18824410056413562,0.7557026412806299,0.7128131428586072,-0.493451910886956,-0.751319400949597,0.7227741587618418,-0.8792324089145295,1.2232773260637673,-0.7653536976380829,-0.7825381597229345,-0.7703653243729915,-0.8837987396657088,0.9332054258747259,-0.807438596440853,-0.837751843563565,-0.8169713997507798,-0.961001329745764,1
-0.14115275166385677,0.5339537332352303,0.48865431550102756,0.2749611294475243,-0.8488838371255849,0.5038133296792954,-0.8995157970446079,0.9374448694922887,-0.7225878038351373,-1.0223040862403556,-0.8330953184328899,-0.8490860728443881,0.9247156401661795,-0.6497497251251984,-1.1370312024823737,-0.7995469784226357,-0.815547918944543,1
-0.027141368997429475,0.4318477219519234,0.38664263888812367,0.4365694499981257,-1.0343909978037518,0.402265698719481,-1.0668422254530991,1.1209342729724128,-0.7123642351794888,-0.6987109004197402,-1.1493844996962368,-0.7432142509520917,1.0829980728192223,-0.6384331083461562,-0.6112839856057407,-1.3428977333941803,-0.6508996095121976,1
0.29133951687128495,0.3594489738175052,0.31477078498020167,0.6389567851033101,-1.2041780420845403,0.331448422204845,-1.034905442280101,1.3097658499026,-0.8007886056933311,-1.1018904530464126,-1.0881237729411464,-0.8187311990443573,1.2131733300363543,-0.794697735803399,-1.2766704391317314,-1.2503761528209985,-0.7890605774144765,1
-0.025335201071358036,0.4606570220012122,0.4153484372330325,-0.007436460705568463,-1.3920347450599144,0.4306294197483742,-0.9795667020382915,1.1159035595241609,-0.8336209605965658,-0.9357614773813462,-0.8994798638960653,-0.9117697659400094,1.03254751196587,-0.8476659122894834,-1.0111103567225692,-0.9371023404624199,-0.9367848793662625,1
1.0417216810435543,-0.048670312099533944,-0.0832379559837232,0.5725580425893291,-0.6018068847725557,-0.04969878449957226,-0.9280729830701324,0.9713709624470023,-0.7842433908740017,-0.3191537623024607,-0.9483350404367943,-0.9677249210801006,0.8970697472416918,-0.7711110145006128,-0.02606283739257216,-1.019935652458017,-1.02594353282428,1
0.9739525849551621,1.533477535137817,1.5273463040584623,0.6133810463630145,-0.8548380539230794,1.5036052695645636,-0.9883032484026487,0.9237787924865126,-0.6885334370658176,-1.0769181129861445,-0.8607656736265064,-1.0303688805896591,0.9879682427410758,-0.5610511055139342,-1.2121493289628487,-0.810897042804378,-1.0863929522093376,1
-0.9182306133756988,-0.26227750765903707,-0.28671786591269904,0.1466248587717872,-0.7542722598697831,-0.2560297438431387,-1.003941200413548,0.9385270202371848,-0.7550152072886659,-0.8495304442070797,-0.9135322965626163,-0.9558784593457166,0.9705479876293839,-0.6846929984062498,-0.8370834988813125,-0.9177393687530983,-0.9727373037903791,1
-0.7870437366924705,0.3682997100151426,0.3235366295511575,0.2289427189055239,-1.0902364085855576,0.35793744504509206,-0.9714040583226432,0.9951615639912224,-0.818017797821107,-0.919038811252348,-0.9988064181237406,-0.9566185687327239,1.0723417037640985,-0.7725997017717533,-0.9392154602010372,-1.0494406877898392,-0.9583676167941588,1
-0.66754913883943,0.216577176018924,0.17405860130704853,0.06043039405141137,-1.2667312428562658,0.2039750136372307,-1.0371874136508494,0.9679192493457766,-0.7608821935118095,-0.9916844688246342,-0.9650042538278356,-0.9822402584176574,1.0539055433809483,-0.6732659676506038,-1.0614573571546586,-0.9862001951419848,-0.9988654283528089,1
-0.2978720474049708,0.06804067508095826,0.029343354695458873,0.12338737395755023,-0.999116666291211,0.047394619994482405,-0.9896753056780653,1.0897804267061355,-0.37128463829929703,-0.8925186049155999,-1.029126405481579,-0.9140723530303605,1.0172112652138416,-0.11302266967671856,-0.939222684981359,-1.1503598063551526,-0.937491131733827,1
-0.591314783101165,-0.009953988408870497,-0.04600150952037037,0.33089816872097433,-0.3376714465176318,-0.02161170135680621,-0.8781377753342641,0.7690717031210659,-0.2609533220307252,-0.935052364576407,-0.9233383921234372,-0.8780555857502385,0.8356475369937592,0.15240082232438795,-0.9718724570429109,-0.9226740264928031,-0.8334092233279227,1
-0.502914072213157,0.049497443839117264,0.01138997366279532,0.5868440442358389,-0.3501367710535009,0.034115968441832095,-0.9324618892797151,0.7974070225358759,-0.6048922728275415,-0.7410257091367605,-0.8756095735713904,-1.066164676342677,0.8779786257803879,-0.41453158443618743,-0.6355149607024378,-0.8311450660972405,-1.1427826889996817,1
-0.4070841052941666,-0.2974971549726284,-0.319948636376851,0.46162487204588837,-0.9025175604027141,-0.3100647020390806,-1.0370543401270245,0.7058295343268862,-0.8876038575027776,-1.0104240531925641,-0.8713372179855112,-0.8279899971879471,0.8998871483976307,-0.8541961648985968,-1.0664167241931528,-0.7667467484531892,-0.6904802424017026,1
1.1127661952480832,-1.3302822149605793,-1.254250310085314,-0.9399187354211396,-0.9030226333852012,-1.3059144425415,-1.0627859555130632,0.4248797172430522,-0.4930871485312087,-0.8152793424827246,-1.0942041812713592,-1.0259305074810183,0.886838924714605,0.04990190846758287,-0.5797013488731954,-1.082505214846941,-0.9406772149872701,1
-2.0373335693011994,0.15109028459495913,0.11005840395897305,0.9584263806420843,-0.299703164654968,0.23500051054061827,-0.961197562106916,1.1660208753848065,-0.6426511305671755,-0.7323511288966257,-1.0701220730889625,-0.6720033056995885,1.020508598568002,-0.5713419450888406,-0.7087942028588188,-1.2375697830625236,-0.5883253427393167,1
0.7402244387651283,0.9148908192449238,0.8759392925563528,-0.32479288456081595,-0.8560276708399179,0.8870015603385326,-0.8936542228308181,1.1731423412007087,-0.4714415618263481,-0.7473506076267868,-0.8269137369659578,-0.7391468221808036,0.8692406018848093,-0.3936283866332344,-0.794693234163807,-0.9133862720138446,-0.7619762039134715,1
0.33565914883047615,-0.15468103320692903,-0.18463793556791303,-0.5462086338636503,-1.2350355658383256,-0.17443393854409353,-1.058114779880007,0.812320871445289,-0.6852931315780985,-1.068056737134761,-0.8179196802193406,-1.0246602285069946,0.9218016895841237,-0.5361794339333311,-1.188396633375008,-0.7130450828525593,-1.0643364438532024,1
0.3750914211060045,-0.42135867218823675,-0.4360981805785765,0.18690449418927324,-1.0642589332253094,-0.4365575733865457,-1.0149578553694192,1.0120281491659682,-0.9257762198533338,-0.8538409850625627,-1.0003465337612691,-0.6792485636645424,1.014009053718715,-0.9733882679607326,-0.8535316586553781,-1.078400870708773,-0.5315328912777707,1
-0.09643443181790573,-0.1674139599042903,-0.1967620162212389,-0.19929754913636533,-0.8705832589890096,-0.18739691685168847,-0.8210270649712024,0.849823428215637,-0.8082945641460942,-1.0024292735334142,-0.9534418845019248,-0.4055750195260779,0.882163491175633,-0.7739908442816308,-1.0943062841812823,-0.9888430105104417,-0.07029487201074142,1
-0.3825399672745186,0.9060690882993193,0.8668510329768301,0.08745707270698574,-1.099645785876516,0.8742693387217595,-0.8239698647915258,1.3948409155969514,-0.7467724506688094,-1.0435079839186683,-0.6697227278767978,-1.0355074154707948,0.9975028376025952,-0.8069257058635145,-1.2360311247731404,-0.704073274597052,-1.1984849670478264,1
0.8861024183052127,1.0901255759372386,1.0576427175268852,-0.187346358551823,-1.055118709142501,1.0641664662649528,-0.9385621093370294,1.5519398254520345,-1.123059615455049,-0.6944057490329023,-0.7794069374465689,-1.097958673288556,1.101866397131705,-1.335903408942691,-0.7483023289370722,-0.8758651286297017,-1.289818422833245,1
-0.49681648284704866,1.1498528001591044,1.1200856997798785,-0.7132551332555975,-0.9826456966501488,1.1170547126208743,-1.0955250702566919,1.0103659988176084,-0.9725887756317529,-0.40291323621281255,-1.008808315140415,-1.044022988560232,1.0158674476309253,-1.0489904910264614,-0.10412069482849799,-1.0917987501369004,-1.1238428323078702,1
1.4108953578760708,-0.21504023307764708,-0.24200629175164975,-2.054733174156213,-0.14767738538581074,-0.1927226012970155,-1.055151844170294,0.8954843678937564,-0.7917496504793718,-0.43281464047329615,-0.853395179672631,-0.9612874496671455,0.8396496836731081,-0.7786051289170879,-0.19987755029761245,-0.8563993050288949,-1.011904332741916,1
-1.618227929161524,-0.4472768850287569,-0.4602613053656115,0.5491040846699079,-0.5311896039207236,-0.3897338504448327,-0.7384488443035786,0.5890929415207609,-0.6977321502070449,-0.8200717445669568,-0.7856934781863087,-0.6719922970732827,0.6920541543409574,-0.5622650126704922,-0.7631070349786059,-0.660929080037191,-0.4707887805021135,1
-0.04424513318662723,0.8431065065984931,0.8021507442087474,0.5010579086264896,-0.8823834895321182,0.8074233796587392,-0.6859241722096436,0.9482384091330962,-0.8089472127966393,-0.8681873171635612,-0.8384330780634965,-0.8052923494916949,0.9038546794215127,-0.800272267798451,-0.8945172589505017,-0.8236695747224727,-0.7586396836974848,1
0.03164869201730937,0.9410329967716685,0.9029045770670703,-0.507526464471353,-1.0053497636061748,0.9035046814010822,-0.8171301435813431,1.2351637834443843,-0.884938212530051,-0.677459736196936,-0.7290059743705432,-0.802885604934066,0.8956216230908864,-0.9931598444298445,-0.7037584449356575,-0.7778281263839623,-0.8630165529711508,1
0.0403037241962205,0.6175371267917481,0.5727255960563472,-0.4185200059310991,-1.1052784991563898,0.5848594878981626,-0.8526593069414602,1.3039726608390245,-0.5451017956229124,-0.5349796824916264,-0.7123111395444534,-0.7792678310800735,0.8260664898851876,-0.5707401181679983,-0.5633527040838316,-0.8165582260518115,-0.8802116067549505,1
0.09627059385400022,0.6515539612538715,0.6070866466924945,0.23338496702902017,-1.258869909264541,0.6182816989376095,-0.924919710798931,1.3578710205866846,-0.8188660128765501,-0.693913839664123,-0.8563789063963752,-0.8151319445852641,0.9933505437244595,-0.9003221386367082,-0.7286015290845025,-0.9696750446433134,-0.881383828204229,1
0.09264336005806705,0.5809725956881048,0.5358850355764355,-0.2412035340600327,-0.9670158983162808,0.5487646473271816,-1.0289734657808383,1.3426729996717894,-0.9134406919216352,-0.7653435605316243,-0.8826271929234641,-1.020641516901035,1.080155228611405,-1.0109411890910704,-0.795525989551761,-0.9705651610650673,-1.147071209224692,1
-0.10913836710249432,0.11020546419435052,0.07026010563655838,-0.26115048431170806,-1.0739636689747796,0.0861444325254775,-1.113868727576424,1.0636706366673259,-0.9481010342492955,-0.9597743235278151,-0.9600573201163709,-1.1371970923328227,1.145081253778325,-0.9902968939625876,-1.0073139990436994,-0.9782665987080358,-1.2604193645033903,1
0.45871157220760134,-0.029298918295994604,-0.06462065092124829,0.41000652830745016,-1.0637140700323844,-0.04916571994552013,-1.036068967547876,0.701540224576397,-0.8261206321418346,-0.936775911309647,-0.8469936345696415,-0.8829238474387346,0.8672269698889059,-0.7558137187385324,-0.9430567387687433,-0.7362416144603267,-0.7997630190136614,1
2.0983359342853607,-0.5717071006865444,-0.5755843939441376,-0.08128378226875196,-0.5463503997824756,-0.48518092534499135,-1.078672364337874,0.6369303336408848,-0.8375751449124583,-0.9855297168752772,-1.0033180825366466,-1.1342239773515623,1.0421945279205447,-0.6848667427449024,-0.9584463775087136,-0.9261836173936758,-1.1817781930983535,1
-0.35763415373590096,-0.18985249938233492,-0.2180988847339238,0.14563738606724178,-0.8435290652979899,-0.2052736646276263,-0.9116935893285036,0.7206530441019459,-0.9327996340243845,-1.112040031585981,-0.8932275670881411,-0.7625223782839962,0.935819982451485,-0.9283829769575888,-1.2456413427502502,-0.7975884219428686,-0.5638992243352561,1
-0.04315009584914469,-0.23578213513497492,-0.26165916780150583,0.12083695084468078,-1.1502699509339964,-0.2551785819658575,-1.094580044945655,0.8249371171543619,-0.8809493672700088,-0.5345903196362995,-1.088476438848303,-1.015355060761763,1.0245254699557136,-0.8416044292565906,-0.20797506321660938,-1.1725737796791047,-1.0208777233564323,1
-0.26591647436616445,-0.282938937313742,-0.30622348293002727,0.10542454699100591,-1.1435282019028385,-0.29880064828745834,-1.1191606653342456,0.775685209724761,-0.8792082408123635,-0.9045606281121152,-0.9634875185786146,-1.139936583276654,1.0431103401654456,-0.8162500976096742,-0.8512621357813623,-0.9093044721563458,-1.226425157832108,1
-0.4160659066114743,-0.21694940063846116,-0.24381653013525878,-0.42543406111053067,-1.0353259372508068,-0.2305425525810834,-1.0977574159813157,0.7839966789711496,-0.9162808231705354,-1.0004561651054722,-1.0389291007931236,-1.1182548788453062,1.1315173034986783,-0.8608389411737031,-1.0083335957485742,-1.0267883015899113,-1.1684536978517512,1
-0.35583401792396463,0.19528703115907795,0.1532175282694295,-0.10944395065934781,-1.0191594901070167,0.17387539550262765,-1.0510169177255926,0.9494369036895426,-0.9267355351271133,-0.6186059841355984,-0.6551131183997105,-0.8452086092771306,0.776310334331939,-1.0220968830825794,-0.5582613785764957,-0.5953371161870483,-0.8753084946403528,1
-0.5991722259620625,0.7979333236683032,0.7559086832684376,0.004360725665848213,-1.1367238217687836,0.7736846009598851,-0.9216699990439998,1.2361878754133027,-0.8563419943302961,-0.7904187922781638,-1.0158528861981275,-0.7828346290221945,1.0795372532515515,-0.901140008415258,-0.8007627230334613,-1.1504330210292408,-0.7597280778923883,1
0.18036390015469045,0.6434948363550623,0.5989383546331808,-0.3898923215007423,-0.7798369345248038,0.6104947041184812,-0.9127825616142096,1.2139386972000703,-0.7501370087806425,-0.561444311235286,-0.834768413396925,-0.8200123380131816,0.9094960949783261,-0.7910058253059972,-0.5206518809310046,-0.9224616579001551,-0.875067956207325,1
-0.6670831867815328,1.5068724284493762,1.4987561593329948,-0.6556062488564401,-0.6262224652100046,1.4735801649045916,-0.9091412377555673,1.2265796420808033,-0.8777444469641343,-0.7529229603208063,-0.8580954588728656,-0.9954487990575235,1.0228212275505872,-0.9469522746275966,-0.7607788851901501,-0.9146779241126439,-1.09853804045185,1
1.297909669763984,0.4812582363733867,0.43591270138071936,-1.6374591204941098,-0.0647824234508727,0.48428123422767394,-0.8098367694114399,1.2531518255487395,-1.0397452928881394,-1.0225487478791122,-0.8181068430703856,-0.800046187442339,1.0444182253574807,-1.1910489262535322,-1.1732579527660054,-0.8517898415120023,-0.805954401313583,1
-1.6969958426269667,-0.40140024104701827,-0.4174579242672923,0.7382440144266498,0.043041854926903995,-0.3378935862405344,-0.8895277601456428,0.8620061142622071,-1.06531101463112,-0.8176721851392974,-0.7743173030432557,-0.9113862357380187,0.8960608885667948,-1.1970443306780247,-0.7842695050299221,-0.6759202886129634,-0.9001006967736664,1
0.08601636361689535,0.5705952482696666,0.5254470851610165,0.02377305453726398,-0.8830690177391679,0.5385468873476241,-0.9609447006168792,1.2983999254348835,-0.980661303623452,-0.8791266957155291,-0.9577229891869837,-0.9615596996488978,1.1408434162694516,-1.0909943660783488,-0.9374289117682151,-1.0540354374138436,-1.031758455784353,1
-0.017415290854220836,0.6945764435842353,0.6506651526196039,-0.23026984337743733,-1.3560160825658658,0.6609738577340869,-0.9944679714765903,1.295536171876235,-0.9715409295198896,-0.9962008362995388,-0.9354244470771367,-1.011713933020055,1.1622163913072001,-1.0721156119595232,-1.115373521592048,-1.0092006645617793,-1.1026609902230522,1
0.00476980326936536,0.8679171414432133,0.8276116637581608,-0.40073749914004503,-1.236782246497896,0.8315913011199005,-0.8900972219295227,1.3241212629350205,-0.9957056681166478,-0.9065221261989422,-0.8913225113424785,-0.8160437111757585,1.0784747744769358,-1.1299084776962243,-1.0035589567555796,-0.9787037874977959,-0.8403314252862024,1
0.2488006847713158,0.5364163260624126,0.49112400919225657,-0.18782575479493713,-0.7773276562391332,0.5053988505823566,-0.8695563882585151,1.1272444102126697,-0.8963467447050448,-0.7111468032278391,-0.9211923175138208,-0.7759436072620511,0.9811039389966681,-0.9630497817144816,-0.6777560245199538,-0.9974619829770177,-0.7498803771348189,1
0.08924638489858956,0.8481758986921332,0.8073493608467341,0.04657262519044664,-0.6241123926698526,0.8119434962968658,-0.951796919002607,1.0918538012042318,-0.8241995089248285,-0.7998057054259644,-1.0059359907827117,-0.8375510198132792,1.0465102144305325,-0.8213398028051659,-0.7799460495657364,-1.1023916889320655,-0.8058925436283428,1
-0.004284808706332545,0.964316650713123,0.926963236682276,-0.06821718586445909,-0.6925096019679078,0.9265779720428814,-0.9994018031877402,1.1793489789126743,-0.6005956305217486,-0.7925504087146441,-0.9793035589333161,-0.8872662315341636,1.0217883356691078,-0.5114597257593319,-0.8067342483106172,-1.0936076866525555,-0.9222223920340855,1
0.043852454104762746,0.8485252824827026,0.8077077197589945,-0.07096981850684524,-1.1755438651880787,0.8123567366512663,-1.0287027652592953,1.087627948245642,-0.6035978055815713,-0.4636964599604929,-0.9057018961887108,-1.056100136996113,0.9232324410199464,-0.5242280128348068,-0.30567316276360096,-0.9816252638837033,-1.1842870592342447,1
1.9687841813088525,-1.1553951661108144,-1.101502820055341,-1.079664115014962,-0.6369057768736015,-1.0684932283164532,-1.1527633543925533,0.5688560957688267,-0.8657988382848385,-0.5958757421807139,-0.9406126796515235,-1.058483612878977,0.8580070507615847,-0.7793600549306783,-0.25588401592051513,-0.848837342537423,-1.067513580904757,1
1.013458773185916,1.8859870620263528,1.9110229135544174,0.631608137592718,-0.8127681676868784,1.851920761636148,-1.0631034491922733,1.257626082097724,-0.9245201051551319,-0.8200713647352361,-0.904328492428422,-1.1199755664143456,1.1112666474538353,-1.0029258574585722,-0.842773430407327,-0.9645840811571326,-1.2737383805184734,1
-0.9077360453173118,0.06695880539963453,0.028295210881539763,0.1048554674564843,-0.8005868406882527,0.06709538822084335,-0.9075365544766624,0.9277511456434875,-0.8495808763785796,-0.8146437445495354,-0.800242730116338,-0.8003094045265698,0.8691449282302428,-0.8701929872236736,-0.813911206770488,-0.7675417480895484,-0.7578381582237251,1
-0.4509179962913866,0.6951323334568967,0.6512291088591344,0.029949244614690125,-1.1323662028615005,0.6682264910495308,-0.8280160281413009,1.0041223368293286,-0.9126433473509771,-0.5513789884890057,-0.8165907983214943,-0.9449131585627816,0.8910049797681215,-0.9829254842230823,-0.4177435506820082,-0.8184258948404705,-1.0021038277283898,1
-0.3003043338516484,0.23557143301590408,0.19268007371211462,-0.06887342235651317,-1.2684030237667876,0.21240007465654356,-0.912968289707531,1.2180827667656022,-0.8166960165491054,-0.4858887435986689,-0.979924553524669,-0.9212616935752767,1.0131402877771094,-0.8557660973528095,-0.35386103353489917,-1.109109561813013,-0.9879611579876526,1
-0.1775820193247479,-0.6085697993732828,-0.6095326033505586,-0.10377482414111391,-1.1414699936163035,-0.6208909053691963,-1.0218915522864236,0.8293944378559039,-0.7642507471071125,-0.8713648221523306,-1.0223305038634694,-0.8142080766948031,0.9837456936382063,-0.6527063058516502,-0.8314247985193991,-1.064963938831372,-0.6857880052710564,1
-0.6644894221292938,-0.7172675349825676,-0.7090602414309666,0.7433950714292088,-1.0217837617068755,-0.7148688804270388,-0.9498831463180991,0.6093584819484238,-1.0873072050721033,-0.7627858630003453,-0.9211223127745237,-0.7323503877323625,0.8578679050736416,-1.198548334270986,-0.5924476472194317,-0.8320298666936353,-0.4885420466069662,1
-0.1799449294788264,-0.5245583678659926,-0.532019176336705,0.5954374884568013,-1.0305357806444717,-0.5381248050058582,-1.0257208459110447,0.8899354024656059,-0.8778625952044389,-0.6009809639609253,-0.969954447220503,-0.800973380320939,0.9237565147677178,-0.8875668747086312,-0.4207380576271587,-1.0162424157015808,-0.7180970825673261,1
-0.9197151832254408,-0.19739752212918046,-0.22526523049009423,-0.562787042434521,-1.1158887861098017,-0.19218043280340139,-1.1022113120179933,0.664775811405949,-0.8040876219099915,-0.8795053914288752,-0.9215461545484883,-1.0070804502474886,0.9200548666119099,-0.6811261554587021,-0.8069031600130459,-0.8310186534436428,-0.9860823917492185,1
0.29387509580169346,-0.7525343859914141,-0.7411670033460912,-0.6994879903033885,-0.8284285584504875,-0.7636784376870397,-1.0984939042312771,0.8471261920502392,-1.050131325063278,-0.9203287791772795,-1.0251647791274083,-1.0643479341434612,1.130287478577683,-1.126829347767314,-0.8768484065385261,-1.0243262839663307,-1.0854949987817408,1
0.03731495228106806,0.31754931358746263,0.2733504282235179,0.42293469080900997,-0.9116440391787118,0.28940192845135276,-1.0623003879565711,0.9000229448387362,-0.900225783298268,-0.8010164414570524,-0.9660057242459883,-1.0266458470917486,1.0295123841267524,-0.8966666754854489,-0.7172689858157657,-0.9714297629748145,-1.0616054367433023,1
-0.28210869108169084,-0.40380523266655816,-0.41970561287092856,0.8883760327816431,-0.7527090906736944,-0.4175102125293396,-1.0387297040798829,0.5879495964076544,-0.9683420367892243,-0.7885119355634798,-0.9661208412937378,-1.0440470641982418,0.9478916091438638,-0.950837349209651,-0.5865050253244867,-0.8673000508100377,-1.01873780750639,1
-0.47478282398505356,-0.2944871038305309,-0.3171120948961695,0.38641577674593325,-0.9181467391547932,-0.30527694989247056,-1.0848752475404722,0.6187182291618041,-0.8517667154129823,-0.5657926763406528,-0.9799683922971255,-1.0160334079114715,0.882619846321618,-0.7639977360793381,-0.2182127933398569,-0.9387265119208075,-0.9986133313273388,1
-0.30937165669778466,-0.007440375062211819,-0.0435802020937198,0.4074058660387548,-1.0349586160948159,-0.02670105931412356,-1.121605839782143,0.959418671063694,-0.9601386469658504,-0.9232228915804096,-0.924569433023256,-1.0506343115817522,1.063749229680354,-1.0057445045294582,-0.9384468929430293,-0.9064616660895444,-1.1093239805450663,1
-0.08952859527932101,0.6032486168968675,0.5583176316473213,0.5801491518442524,-1.2060933976549904,0.5715394974310821,-1.0982750886333497,1.0744740302003877,-1.0851551541988678,-0.6720058960313021,-0.9181289277464527,-0.9776642607961094,1.0376399908019156,-1.2383840519553722,-0.5686582854520296,-0.9509302054929466,-1.0274643840473539,1
-0.17559897426867352,0.46115658677236476,0.4158467403519752,0.07965330156719548,-1.1541335497763439,0.4325391760504742,-1.0371517088209292,1.1765246113223822,-1.1294151030761366,-0.9259431329537828,-0.9162065145770972,-0.8849858265283707,1.104499854222426,-1.3124808159247068,-0.990795125580776,-0.9585064662819998,-0.8888197799338017,1
0.39837173398817477,-0.547867429372779,-0.5535768771213158,-0.4693134122703496,-0.9904896419933481,-0.5608015060622904,-1.0572216705447341,0.899210367318391,-0.9365319358185594,-0.9034928153518146,-0.9346752759749768,-0.9389082207109682,1.0160517434173157,-0.9624871904769877,-0.9005422998740734,-0.919775862208641,-0.9155114249859039,1
-1.2872859292163619,0.7282949641864723,0.6849136673863314,-1.142545750316648,-0.9586994533364002,0.7382564414757602,-1.0336009996160254,0.7704581564931824,-0.9761836469159154,-0.8875672986621704,-0.8509975549156231,-1.0118123908383605,0.941791028024911,-1.0172661686919984,-0.8538706338195386,-0.741165654484274,-1.023097496470259,1
0.6275136568877802,0.7752192295873367,0.7327132779437492,-2.091298323789478,-0.6903193267858153,0.7464966196525776,-0.9561791378023909,1.0706531552590823,-0.8639582827984399,-0.8119651378215293,-0.8747843708857903,-0.9704402766212489,0.9972169900459805,-0.893770424849041,-0.81061585614787,-0.8933848614273739,-1.0272124403242082,1
0.6818250551314868,1.0949880073972147,1.0627165271615813,-0.36083395519841754,-1.0333143018201152,1.0626611967406308,-1.0473714925977051,1.0107716999856293,-0.8478809551215498,-1.1155656579877893,-0.8140724643372228,-1.0717546329179526,1.0297110463224797,-0.841017196729846,-1.2845091862223887,-0.7491888264824728,-1.1657390532471064,1
-0.5679631848534691,-0.49028034281947747,-0.5002448082553077,-0.5101679314949598,-1.0167255927053354,-0.4950653631184192,-1.1425416014261125,0.7542583574574715,-0.9386207172215452,-1.0540438690831873,-0.9744389816564948,-1.0261841583414155,1.06442595500971,-0.912711230760041,-1.1190739405429775,-0.9122591320006581,-1.00546526697033,1
-0.8769976606106585,0.47176393123198085,0.4264315856134578,0.11461228848943768,-0.9348605810797452,0.4636429037939694,-1.0599405157223416,1.128987154297574,-0.9706378079332079,-0.8387154402564987,-1.0201377867623733,-0.8123092027547774,1.095375692989286,-1.0528215992338843,-0.8383269241843186,-1.121781020890465,-0.7596984004026174,1
-0.5162138884806029,0.3089937963661018,0.2649084975359133,0.044439267441247716,-1.0990131242849772,0.289919679898553,-1.0331849237319672,1.0510491684057102,-0.8120798821534712,-0.7121584574453742,-0.9936670005304135,-0.8373928670847746,1.0061133206615893,-0.8027896420879971,-0.6384918886862114,-1.0825448940570896,-0.8066853105863655,1
-0.40055873163422145,-0.010177172458134763,-0.04621647547544424,0.014788550102508295,-1.121329628877628,-0.0273729950768677,-0.9896704273597706,0.9243104245620426,-0.992996661367189,-0.9467069628920292,-0.8232464094640305,-1.0245665744262957,0.989161955912888,-1.0704370640092853,-0.9906473902568383,-0.7442469557006987,-1.076518959031893,1
-0.7366852420589998,0.20890951446324132,0.16654887014684744,0.9213775449059375,-0.8006374651745304,0.19908920004506336,-0.9083085245020714,0.9712327496484023,-0.9824203301763939,-0.9484650505842832,-0.9941154521968241,-0.952557723265085,1.1015630468564457,-1.0379078148860783,-0.9747250977327981,-1.0221104552627092,-0.9340786052729366,1
-0.08837007506929849,-0.386917973978291,-0.4039139924809106,0.7785255447305606,-0.72109180800221,-0.4036553880004454,-1.0080460640280613,0.7123155062292876,-0.8561469874031863,-0.45609919005904287,-1.0741147703432523,-0.96743175517495,0.9428730708017068,-0.7856915689805369,-0.04201017113030968,-1.134218559192805,-0.9238326293276344,1
-1.026386984530364,0.19688435658973422,0.15478001608658645,-0.11135246585691139,-0.4348297126377109,0.20089532211388386,-1.0033523350029272,0.7379464834018213,-0.9415065954536405,-0.7083403940903404,-0.8216405893535994,-1.1144849652190265,0.8893126020304075,-0.9618627456557406,-0.5445175105829185,-0.6974378600364786,-1.2072812732612304,1
1.1829903360753424,-0.37567758213658525,-0.3933913608616149,-1.3035581029494703,-0.047805765605727614,-0.3640641709344378,-0.9699645492811275,0.8443401059960107,-1.1023668014621506,-0.8519112517296396,-0.9027458734308276,-1.0320045306101833,1.0222777524449451,-1.2378004651322767,-0.7882840388050633,-0.8344888663882942,-1.0567842667350553,1
-1.9690940866897402,-0.7880137626504073,-0.7733758563649102,0.7046236308722879,-0.5324751380317492,-0.6891315083070846,-0.9542214420768738,0.7398071526686832,-0.9189295508446209,-0.7195528529319517,-1.012688710352822,-0.7501772778182403,0.927312182604005,-0.9119329319245257,-0.5463158522591776,-1.0342840261867938,-0.5568665666174301,1
0.42559811486170446,0.15281806320650293,0.11174294723451626,0.1884406063133822,-1.0865389720959737,0.129618193804459,-0.9017786170608817,0.8860327684330279,-0.9417393936265376,-0.9689140432457348,-1.0455054514006497,-0.6662625087461576,1.036537696233255,-0.9626886639739806,-1.0049995488671386,-1.1089602428784513,-0.4314795464825931,1
-0.01148157449106823,0.1301458854534211,0.0896553998831284,0.21709512445061507,-1.2505480608374282,0.1050279733874657,-1.061563655351249,1.0255357342156832,-0.7335799888283506,-0.6717138705964127,-1.0567091270011058,-0.9298438086773757,1.0399200453242365,-0.6546685270889336,-0.5455307079041516,-1.171466530256307,-0.9345664944254616,1
0.34130581923289904,0.38914026905111143,0.34419982697662727,0.0685678271626844,-1.161860523301416,0.36120297373030696,-1.0631247121714782,0.9846453871918549,-0.6912062130581725,-0.7865865998175898,-0.982979329710714,-1.1278472637244874,1.0465066681169677,-0.5656775672349782,-0.7188476870445741,-1.0270222504568862,-1.2490802010236177,1
0.2732399068095114,-0.005374938417402253,-0.04159026888424598,0.6090433774541582,-1.1895118986802766,-0.028016009751081778,-0.995364701722082,0.9672475431129574,-0.284073147354942,-0.8318397386608241,-1.0223667665554033,-0.9411705506927266,0.9566652904909849,0.06254675086823107,-0.8226429339287517,-1.1214815352854992,-0.9626354915676887,1
-0.029903395868121893,-0.058970876531930595,-0.09312641212392234,0.3916677915278007,-1.0190844783236837,-0.08112648150115905,-0.9662570848099479,0.8195049302851903,-0.6587081462471858,-0.7759149454883283,-0.9173424758601791,-0.8389748217529918,0.8755912011789223,-0.5167108808205271,-0.7055766023350026,-0.9160338506368527,-0.7721855268971319,1
0.5577192696914718,0.30305861875816864,0.25905524923237316,0.205708173542752,-0.5950155109572751,0.2800342808566405,-0.9805987823819237,1.138122774006238,-1.0868765624170535,-0.8563493666614151,-0.9538139045219601,-1.0644540793153596,1.142184750552871,-1.2349551591027397,-0.854668105569991,-0.9948456090470964,-1.1557917760135124,1
-0.468237615665136,1.5716143506961506,1.5684184509247394,-0.26236585297166776,-0.7470952036342324,1.5315095993709997,-1.1043570074981415,1.1462457505485255,-1.0044476799076338,-0.7893256918367942,-1.153331757579182,-0.9679143117467942,1.2303326211219239,-1.0845610447392109,-0.7132854218196265,-1.321897043131534,-0.9740848020597914,1
1.6485054085724744,1.0464705102974448,1.0121670102502194,-1.2422944343346447,-0.3760646575739029,1.0613392277356741,-1.0093780245160733,0.9397584851194707,-0.8310735394434539,-0.8990626379458213,-0.9800164514280326,-0.958093545338181,1.042418904527096,-0.7865421957338689,-0.8972844374872817,-1.0069502715309981,-0.9528401885869233,1
-0.4720757162128599,0.36462126386974714,0.31989277239173425,0.4487197946773301,-0.932598771693429,0.34342885629600184,-0.7921810653294343,1.0406246042542686,-1.0351615503053706,-1.033181766896518,-0.765850649349912,-0.8880381623476281,0.9782923346409165,-1.1630100212523482,-1.1640889172338844,-0.7070095910036293,-0.8941657015810317,1
-0.21388088426976654,0.9939831617214687,0.9576744043885349,0.8953235178918102,-1.0939420952228265,0.9577823703704651,-0.7664815115629512,1.4086651955650757,-1.0068718290133813,-0.8549168380380912,-0.7672253611193444,-0.7734254941365638,1.0067595315077278,-1.1713814488558683,-0.9684808589659872,-0.8490944587075311,-0.8335128678674883,1
-0.23027337844729018,0.808743793564054,0.7669614225333793,0.3013757329309806,-1.2808392364225663,0.7756057365842484,-0.984307705164101,1.4011006825447037,-1.0454758842188443,-0.6214343215365261,-1.0075481011808836,-0.9655038160467151,1.1518336086236278,-1.2028390024426112,-0.5699010143406823,-1.159061153623039,-1.0598785910710427,1
-0.03724692551325471,0.7358127869886695,0.6925609442522768,-0.3481241984150679,-0.9004453784846325,0.7017044197975867,-0.8643695920685787,1.0851718068339649,-0.8802230256961375,-0.6524911892895402,-0.8564645909167632,-0.8144757922730386,0.9243205167033416,-0.9437635162307783,-0.5955451449321084,-0.9011486462666403,-0.8168703029291279,1
-0.07177968971075795,0.20989849411515293,0.16751723934692545,0.13345901615155334,-0.6222330727845106,0.18398649590094174,-0.9673622315910715,1.0049290236021506,-0.9385502780265735,-0.5825228967528236,-0.8795802023022504,-0.8114781515497969,0.910374815611593,-1.0184094058701314,-0.4566211687264799,-0.9132281809898072,-0.7880625972984113,1
-0.22733778329735632,0.08291315990843359,0.04376084881054338,0.8337625289887205,-1.060065304633585,0.060800421572488716,-1.0430613578115777,1.050091377459351,-0.44681601153351985,-0.665402469664545,-1.0032088280645521,-0.9105222714350336,0.9542105015625111,-0.2482971159451836,-0.5866948258762658,-1.1161801546355166,-0.9412567227337675,1
0.2524116431300094,0.06906981897038013,0.030340495477680716,0.5230429047371491,-1.0273792852590917,0.04513829329134555,-0.9108942146521998,0.8263535776165959,-0.8803808421782768,-0.9565989182155645,-0.8494624199562699,-0.8398748208446392,0.9134531947725737,-0.8759158455859569,-1.0018450952087135,-0.7810029761305645,-0.7599126707062058,1
-0.49997661207568184,0.17454026458973843,0.13294012664061897,0.19587556857891641,-1.1617892378442902,0.15710771365890958,-0.9282992148482622,0.9169407470645129,-0.9921049952697705,-1.0682467408785594,-0.9159725933927483,-1.092352500377915,1.099092839231693,-1.0432740549628532,-1.1739724692696307,-0.8577515166148905,-1.1618367283716116,1
1.0206060651335471,-0.6039833780428714,-0.6053141898789142,-0.5717245080300297,-0.9526983354329331,-0.5966963797877683,-0.8457553090099844,0.9154223813005159,-0.894934443440286,-0.6863766351744206,-0.9353003064793679,-0.7879035169704686,0.9276001536666314,-0.9216977466834063,-0.5737801447296096,-0.964371534899923,-0.7060530962606345,1
-0.6003420705057716,0.3486527999233694,0.3040858853866531,0.33627624070898077,-0.6489260561510299,0.33158303211473117,-0.9325434225446287,0.936847428156687,-0.6876472296235507,-0.5620151126738211,-1.09479981347925,-0.6650300720810711,0.9433728501803299,-0.5847699122959547,-0.3698641715516411,-1.2410518130218873,-0.5082567534547304,1
-0.3412869237033219,0.7586531485365451,0.7158198548308856,0.3766090213442887,-1.151501935101032,0.7282522365096575,-1.0788561417772604,1.1808721974242384,-0.9345200702667469,-1.0409117828426537,-1.174734954769514,-0.9106013965518414,1.287764554172995,-0.960715927488338,-1.1408841110380818,-1.3552857877742162,-0.8695740565256715,1
0.20263271491410204,0.4591170501423177,0.4138124689360323,-0.2008058511205166,-1.4851985128460043,0.4289931277496497,-1.107720860905999,1.1885354791586933,-0.8960152235326686,-1.1171961847685405,-1.1047495318053149,-0.7252083414865065,1.1972180184839238,-0.9204883958470291,-1.2874352059845984,-1.2540280135344375,-0.5986724278061187,1
-0.016722689896113897,-0.15907564850898923,-0.1888237492474654,-0.1207766769584404,-1.3114351945946419,-0.17979995040024166,-1.168661831309043,0.721734360594971,-0.5684953827913087,-0.9292418545796622,-1.0121897588501112,-0.8812984189139675,0.9356324286143466,-0.27707899442863726,-0.9137951139305664,-1.0229577535360195,-0.776375308776051,1
-0.3285804268615968,0.5238346697423747,0.47851070935003426,-0.0877233073990014,-1.103689386015143,0.49678914356191367,-0.9854115083084624,1.111769062932996,-0.4493721713506017,-0.688849430023097,-0.9562435996352395,-1.0140490971571823,0.9708303009396216,-0.2747173858716801,-0.6414376380033108,-1.0530234781356842,-1.1133897842667784,1
-0.11859780383123068,0.7160252008521059,0.6724414634050644,-0.42630563070488753,-1.206797989420233,0.682884279073557,-0.7318851713327652,1.1547744197934506,-0.6836951907775034,-0.7600908473737509,-0.8882195975894064,-0.5058384988393053,0.8859105620900734,-0.6850562001478783,-0.8007921158005264,-0.9931253797454237,-0.409107533829343,1
-0.09008315801635498,0.2719866578620063,0.22845407397661696,-0.3681993960383203,-1.4346733577418331,0.24529399513438835,-0.8872963919422291,1.2520009387191107,-1.0695113452838498,-1.0638788817187932,-1.0874070762796457,-0.6836267298419145,1.2094818956860713,-1.2122665392390854,-1.2069976703376375,-1.236425094372094,-0.553197232972595,1
-0.032892228076741935,0.6746627739617211,0.6304773628868872,-0.2226382223474683,-1.4836466826322023,0.6414503820925306,-1.0681833219815238,1.3920937967248685,-1.0383795555642816,-0.9933715529719186,-0.8771657392568657,-0.8701830330994936,1.1230858456253534,-1.1954860289462292,-1.137633799269885,-0.9617731118328865,-0.9251794157481649,1
1.3152618643622744,-0.7798927688906803,-0.766011553306151,0.13097442047221627,-0.6048051946773908,-0.7533819474437874,-1.053046026726853,0.6126837817468723,-0.8362394016430962,-0.7651143482265376,-0.8132000383145555,-0.9661813180291536,0.7976500419742419,-0.7657079808516382,-0.6279732830139647,-0.6618391256002253,-0.9372942877247279,1
-1.0728226638042593,0.04937398735267496,0.01127052816929846,0.26449501658417873,-1.0471410451586731,0.058531070089278464,-0.6834812084541823,1.0901098888019995,-0.9798236312445866,-1.0023712164813985,-0.9102726125386501,-0.5961465570877011,0.9990584536730575,-1.0804040004997364,-1.120120421519277,-0.9591187868508834,-0.44610350941628546,1
0.20293795250959915,-0.06156284564997332,-0.09561346418174534,-0.6491139406710631,-1.187490272464263,-0.08383057616805434,-0.9166846960355278,0.9076377525151725,-0.9267021473430764,-0.9753101286457236,-0.9513399386743188,-0.7150693319757231,0.988231188452453,-0.9553718252798943,-1.0351725103284648,-0.9645446126290007,-0.5521968045812534,1
0.08640071424349542,-0.4999301826575599,-0.5091984798169846,-0.2730635608033628,-1.1722649875059399,-0.5158494127628257,-1.1682912160631245,1.0425978377052523,-0.7657323613845292,-0.8213797382269382,-1.049130671336507,-0.9666977193640454,1.089250665109228,-0.695267560959655,-0.7828302116367876,-1.148050804432479,-0.9844629950018025,1
0.1085105220291994,-0.37176032438340895,-0.38972207942845716,0.8537394343438602,-1.0560169611645343,-0.38961324098566236,-1.173968406954189,0.7819307496365571,-1.0052933924050107,-1.0103517880868451,-1.0473972136383134,-1.0815741500765168,1.1498835292477434,-1.0246400158657183,-1.0220376867315237,-1.0365202668823368,-1.093914767436348,1
-0.09927951190383685,0.144411815313794,0.10354909849861257,-0.10994345159571964,-0.8910191339880977,0.11973571839181078,-1.2655817156892055,1.0492354552108634,-1.0286665979822593,-0.672397220488093,-1.0040299880845085,-1.1259564987433826,1.1167627587867108,-1.1289336506623633,-0.5211574251693679,-1.0615583697194004,-1.2443626551115794,1
-0.054601570050576025,0.5571670591873887,0.5119521155020442,-0.6756226125460787,-0.905777015199361,0.5258741824103959,-1.0318998644488953,1.0934473411283814,-0.727968499104903,-0.42890265780920145,-0.8916133814262842,-0.9790772529407733,0.9134471218538518,-0.7190020559124711,-0.2613652013796322,-0.9652428224732411,-1.0720367033423326,1
0.6131651245726596,-0.02759685981953696,-0.06298354412432673,-0.4182474263670673,-0.8703230345368902,-0.0441990997135424,-0.9478088093046426,0.7820632587230492,-0.6501661779706703,-0.7858301485604577,-0.7748984639947557,-0.88066342419166,0.7856158314422741,-0.5294863270450412,-0.7458490521595609,-0.6965614916079651,-0.8638671267983932,1
-0.8800547975785481,0.8123324268472563,0.7706323607616242,-0.48773165687038345,-0.9190240009846494,0.7986742579475246,-1.1283180893069467,1.1076250923196291,-0.909880866629967,-0.8431588834340226,-0.8113672724716369,-1.171242149183283,1.0285551787446483,-0.9670367143993346,-0.861556536101515,-0.7886388083462789,-1.3441777463180584,1
0.9714252607845915,1.1406779585811244,1.1104767966315716,-0.5169790850577911,-0.6946416526989756,1.1170802422651762,-1.0295378423088666,1.218706130625322,-0.9939403011583006,-0.7604340708274225,-0.8032114320629085,-1.0725459973640397,1.0260155806239055,-1.1199154501795423,-0.7684352494632561,-0.8228179317522065,-1.2119741987709154,1
-0.7945904572528318,0.615481144323772,0.5706515094894355,0.39958483313215104,-0.9188742005826255,0.6013752702732762,-1.110283782217456,1.2295233321452341,-0.9372489429326405,-0.8671244556451059,-0.9661485772061518,-1.03708860810319,1.1386664250765348,-1.0105564712787847,-0.9003881886102185,-1.047297378446486,-1.1332187830289482,1
0.23393235349407218,0.06572503758985247,0.02710000818685753,0.07925155894032468,-0.8674421422327802,0.04171547933725925,-1.157977726609695,0.9287229815788584,-0.8766446805596055,-0.5913104022483822,-1.043559974172352,-1.1447356839825906,1.0686096862314114,-0.8528806180855845,-0.3448049441946983,-1.1089534360190993,-1.2621670869021044,1
-0.07175003345929003,-0.371253027457954,-0.38924681447368215,1.0520230762659892,-0.4585919412664652,-0.3883774820196854,-1.0185771891208384,0.6661661687159446,-0.7082468539446192,-0.7710182895632134,-0.8780495592829133,-0.9281836471530273,0.827935275717738,-0.5511888198256853,-0.6500840964716587,-0.795443728001181,-0.8801260537807571,1
-0.22799856191682302,0.17341650521683438,0.1318426855281689,1.0839944440755152,-0.5352002100867067,0.14993312218564472,-1.0463218351559629,0.7927545020704047,-0.753560885765986,-0.9041868232968997,-0.9796984692650467,-0.9532352934135809,0.9842208817207709,-0.618511505032544,-0.8767350936345008,-0.9715846899329913,-0.913570000288872,1
-0.2852788684136778,0.1575958242159806,0.11640228290414523,0.33885745670843614,-0.8842608836810426,0.13533743075426166,-1.1575352075690226,1.1138760465081652,-0.9596233739443606,-0.6513037158270848,-0.9928481332726716,-0.9491618878485937,1.062526427893343,-1.0392792283518781,-0.5404048922488908,-1.081748272985495,-0.985513706543615,1
-0.21716666762137943,0.1622638641727174,0.12095622260894609,0.061942490408151626,-1.1462075803643075,0.13878248966275736,-1.0580254429264648,1.0311270462030073,-1.0290754549965542,-0.809105056635272,-1.0655271851935146,-1.1217825571184419,1.1907040673148475,-1.1128656076266032,-0.7198981149555622,-1.1431662456238503,-1.218546876292603,1
0.682567304279229,-0.5366971799598762,-0.5432508578866961,-0.43177935740535944,-1.2018948814397212,-0.543439090487392,-1.1358072566161772,0.8653146217381845,-0.9459024127701504,-0.8193316476076838,-1.0620699572963623,-0.9690302653094544,1.0882052756798215,-0.9511419435023366,-0.7125197901265105,-1.115867083477198,-0.9314455901816723,1
-1.281881799696552,0.7521327794938952,0.7091761256825619,-1.1561406590712775,-0.8443471261549332,0.7613156162089215,-1.0019486394874308,0.7549144246149637,-0.9831117389699352,-0.14861294404770026,-1.1074822365275885,-0.964828665162629,0.9316229575937998,-1.0280599945368174,0.4677650810083462,-1.2145621363515904,-0.9389597805674332,1
0.9679409787392182,0.9453089018315273,0.9073198480620596,-1.60676583049572,-0.3348103816433195,0.924751435870287,-0.7789852230698605,1.378516682391441,-0.9840301653821465,-0.6464310881158372,-0.7411672542864474,-0.79202774123557,0.946270736372166,-1.1462258075226983,-0.6878651150602368,-0.8277056544457717,-0.8732777767777986,1
-0.2197180068596884,-0.3162047711098366,-0.33756308840931104,0.4662766460522998,-1.2921505471395887,-0.33234719570314836,-0.929834373942521,0.8316641674828482,-0.8501680924989713,-0.887347798281871,-0.9720446630035205,-0.7312289927768113,0.9491165978090629,-0.8146454181089456,-0.8724941065996612,-0.9873704054716496,-0.5611119198056519,1
-0.1581343113407087,0.17538067515558742,0.13376091503157964,0.7312087470219054,-1.206915641796105,0.1508828735746002,-1.0441451350090147,1.2491775475918863,-0.8948307545601516,-0.8720628494745216,-1.0308921017174155,-0.9382683930226484,1.1555700937193718,-0.9438424936827269,-0.9086226320746289,-1.1555690446429194,-0.9779977129954618,1
-0.24692287828869164,0.4808311878630474,0.4354861051343381,0.3066633058120471,-1.2149619805061633,0.45295846329053646,-0.9892557840401106,1.3448010986696213,-1.0739466488566327,-1.0974722247777546,-0.9575996881355193,-1.1337736289802465,1.2625548142135485,-1.2239001773853275,-1.2669782990554936,-1.0267631790138427,-1.282135854083418,1
-0.1196423149526456,0.4551392351697949,0.4098457945011018,-0.457964318275757,-1.2296127752377546,0.4259607320778595,-0.782075387665644,1.099371210652316,-0.9932939964504863,-0.8639323920481395,-0.8354050075508532,-0.7709882530224005,0.9680295530605285,-1.109551316928975,-0.9122010206563901,-0.8530042678531992,-0.737163505269329,1
0.2291534377567021,0.43123920009288413,0.3860369550305122,-0.1601510352434498,-1.1234422103594546,0.40168122745762525,-0.9187175553251712,0.9901533861596892,-0.6623897259287934,-0.722287475240296,-0.9068047054678502,-0.9935112846829333,0.9456590426044931,-0.5650945814284211,-0.6567804552099874,-0.9375000101648929,-1.0569502315423949,1
0.16964937568598418,0.06966040215320356,0.030912748228302783,0.24180263522940118,-0.7842807553796898,0.0452733335610366,-1.0132244327771471,0.7418033977855735,-0.7251308856378533,-0.36541722205350896,-0.9656908582995664,-1.0313328563820128,0.8496965639912062,-0.6052836911256597,0.02677665143344402,-0.9803169824602627,-1.0764623821351886,1
0.031356507644101125,-0.0510838444190407,-0.08555562001981007,1.3581373381036503,-0.594769776196382,-0.07365555000606659,-0.8875636817587015,1.0280069088026886,-0.6179798563699712,-0.35806965953502046,-1.0379198628800714,-0.7962707322535235,0.9095934856488231,-0.5277551623637003,-0.11556510355163725,-1.1814292074168642,-0.7737796935596352,1
-0.7725004138879096,0.7973977392566719,0.7553613173336465,1.0292241512765405,-0.730380411308894,0.7794136877852377,-0.8516603060452479,1.050964748256535,-0.632320652724235,-0.9318706224068597,-1.0198018511727625,-0.47312951791515806,0.9530489268320512,-0.5394332979872288,-1.0106551256119478,-1.1442424354532175,-0.2603758822205751,1
0.7050198636402271,0.34283380094622307,0.29833038211469765,0.15750500688433747,-0.6280514446879752,0.32291554595386757,-0.9607105277859905,1.036908733192704,-0.5351301376299634,-0.7375020424232602,-0.933019920008641,-0.9483953288062453,0.9459603271518373,-0.38452762601977764,-0.6996944314750299,-0.998748014848625,-0.999123238710727,1
0.09942219262878577,1.2416491302699713,1.2165623921356947,-0.4082469564984711,-1.2168440070487276,1.19948594272063,-0.9017264757339541,1.3392556979454786,-0.5956864462668054,-0.8589408099474454,-0.8011049371771863,-0.8253297305567805,0.9559205468542278,-0.5939358309845493,-0.972599775595417,-0.8968053430518711,-0.9039354856319581,1
-0.03919892777410071,0.09346955506292835,0.05400406834935389,0.7759994604119872,-0.8569688459836977,0.06907296230941254,-0.8139405774779038,0.9042327997702664,-0.7928806855198602,-0.36299730218864285,-0.8733473159585535,-0.7737546965349906,0.8004060683881411,-0.7978012032836358,-0.12218089262713601,-0.9118063879898073,-0.7383224726181561,1
-0.2342526135810896,-0.017063009337621178,-0.0528469793821923,-0.28548798078507026,-0.5441699088018899,-0.03753827460425496,-0.5359469332347863,0.6969907610099263,-0.7412642349051509,-0.43468433995911504,-1.0418497516138945,-0.30481354124430476,0.7342165628457696,-0.6646106537732316,-0.14613367680414158,-1.1435275087969237,0.09305310440883563,1
-0.2115022654606931,0.19745117197705592,0.1553345139129582,0.15697745634633034,-0.4118228927448308,0.1733478433620864,-0.5881197612649244,0.8982734854059177,-0.8998278296957047,-0.8900151042416581,-0.8821070963878889,-0.2848012762832528,0.819758042291101,-0.9562442623977432,-0.9426243852066385,-0.9147541508318887,0.037041851543695783,1
-0.31378350998407945,-0.1104448562970598,-0.1424252273733664,-0.05355379127552719,-0.3675924985909264,-0.1280323851355711,-0.8148585394922617,0.6446451032482848,-0.8361648099376094,-0.6453736663859381,-1.0001241159614396,-0.7688906661798213,0.8584632864801074,-0.7549248319778648,-0.39660498583555337,-0.9991058525668345,-0.5745602738006966,1
-0.4142532530815208,-0.18468740984195292,-0.21319063546686892,-0.5898791290268016,-0.6754923275369616,-0.19882906213278165,-0.8310038189829123,0.8308118842676483,-0.26593271874086066,-0.548894238156277,-0.8728289093033516,-0.8109033176070556,0.7361629678728605,0.019282041601055094,-0.41359059341973636,-0.9102416346033986,-0.7949725752435213,1
-0.5085645757049977,0.09590263533172412,0.05636611737580277,0.010803598725819262,-1.1352870227467715,0.07995684725196837,-0.9296493520778086,0.7932229680692745,-0.6113529053666213,-0.7299749975657897,-0.7095938367409749,-1.0619522216496773,0.772591870196966,-0.4789227230453852,-0.66504290161407,-0.5993421619380296,-1.1635060540312598,1
-1.0257255681692174,0.7284555067345698,0.6850769314100206,-0.12866212728637555,-1.5507529927773862,0.7232673358202719,-1.1124147922399574,1.3902437905646237,-0.9164646102664632,-0.8163689435585826,-0.8522005520749233,-1.0662323452188356,1.093586077980201,-1.0216405210279949,-0.880895870972839,-0.9339558888266021,-1.2200489659773635,1
1.4560674305340284,-0.4103630154743328,-0.42583233146478483,-0.7752728183581173,-0.7566305971205919,-0.38143598649102683,-1.040228004347985,0.7797329250689292,-0.9966979016096291,-0.7286879142322092,-0.9474107066924611,-1.030652632696484,0.9837403601827428,-1.0457852670534016,-0.5551792761193626,-0.9057100745028255,-1.0462604331904413,1
-0.7148452678158835,0.0928951679947343,0.053446512809995184,-0.42031215629872853,-1.328923822273255,0.08409670555104502,-1.08375335449496,1.2047899529415815,-0.9102485556207759,-0.8848528977621702,-0.96204085517903,-1.1042225809806303,1.1459275819329127,-0.9604885950646107,-0.9198728096230966,-1.029954469139025,-1.23280747662178,1
-0.1780138663750587,0.28694954695039465,0.2431814771275064,0.2822215329332448,-1.1862544131970771,0.26101170295352616,-1.1553362837794903,1.1823569965858893,-0.8282128438897747,-0.6718891853936236,-0.9898888397604668,-1.1906377867782267,1.1167564265472234,-0.8319216950820254,-0.5778838109682363,-1.0797957427416907,-1.3717640926419041,1
-0.24371599343959943,0.41331695736524615,0.3682103897348806,1.129371762818926,-0.8951459694251404,0.3864230957983761,-1.08591988334548,1.3162868722412178,-0.9083156975798442,-0.7876559452189394,-1.1344324368943295,-0.9696392799346293,1.232716231806584,-0.9613064837209558,-0.7677633934591456,-1.3246120037215354,-1.0229005073971034,1
-0.13720193069441688,-0.2543521978635548,-0.27922765356483803,0.3555283555215672,-0.7239796512315809,-0.27257996618446784,-0.9006760232951386,0.6193576071636309,-1.100310237228275,-1.110494226309583,-0.9507743846752058,-0.8385222084311494,1.0004360765115343,-1.201147825213415,-1.2103391102073875,-0.8280248280052674,-0.6171569973144497,1
-0.5057672901206589,0.0681609086145626,0.02945984536895849,-0.7250228459603182,-1.0340919600845997,0.052569440721132434,-0.9017938211910044,0.9579333511085384,-1.0396223507067777,-0.9331556359631988,-0.8936026137551615,-0.797001179362524,0.9956288894414282,-1.1532118009223007,-0.9753062202347603,-0.880113857563401,-0.7084352624565146,1
-0.12289877622476444,0.4961579297098798,0.45080493006478833,-0.9384884584034471,-1.0760351974068356,0.4663918610817805,-1.1529159942500555,1.2941306125112102,-0.7422596140248068,-0.8505994136390002,-0.9002876250770723,-1.1329741942193419,1.0939280861493355,-0.7387320830432889,-0.9062505635325153,-0.9770475964310156,-1.3026839349678834,1
0.21564699671364798,-0.14776860411733475,-0.17805109133709088,-0.23385438872752493,-0.8623937141475442,-0.1686671690860574,-1.1469454285842875,1.0340437749489424,-0.8823353802491553,-0.8407878887060874,-1.0856197344622789,-1.0358062839259168,1.1599271797573043,-0.8667216422834462,-0.7878527588424172,-1.189738238450664,-1.0781183906750007,1
-1.2464560041819768,0.7529874023833507,0.7100467410437441,0.7581086507952096,-1.0409448379162693,0.759932266105661,-0.9573508653302295,1.3868670180216653,-0.8029833132998692,-0.49093220907304236,-0.9800390116301976,-0.8125800386220778,1.0290777979383596,-0.8742492798145671,-0.43040844253977345,-1.150782195044374,-0.8733552231259094,1
1.7475704785551405,0.3906699818569995,0.34571776727187903,-0.2505205326788652,-0.5425308472839949,0.42547736362103245,-0.8999028198634123,0.9989741721555061,-0.9374556136569923,-1.0353661676371773,-0.9436099449455483,-0.7358132092823052,1.0294754668119783,-0.9854742061060134,-1.1482837128528578,-0.9696675529147529,-0.6101059677740465,1
-0.671629172204793,0.6928062128764032,0.6488693845045511,1.6054003647686212,-0.5124207377816543,0.6726921332433209,-0.9183754930819544,1.197463651133445,-0.9693272805406665,-0.9430773912326608,-0.841271734059233,-0.8650933218653213,1.0310428671784517,-1.0777299896688286,-1.0426817357668778,-0.8732790347680526,-0.8908191744799256,1
-0.00872141022475186,0.9348695972630993,0.8965426346167124,0.18984104844285657,-0.7765481700828469,0.8975965682449943,-1.0984369008367527,1.1517183002105458,-1.015977109213642,-0.798168394111629,-1.0696673671785504,-1.063914647021424,1.2001128330477868,-1.1105865603195468,-0.741460757619731,-1.1824766232365378,-1.1443304554654359,1
0.019580592156771423,0.5858504339533336,0.5407940694620708,-0.43966040442693194,-0.8389162241682999,0.5537179682031079,-1.0697700097742027,1.1435580807086763,-0.8975147940212056,-0.74286132905547,-0.9509115077567762,-0.8535788428013813,1.028738872790161,-0.9561044074658356,-0.7138222349558763,-1.033457967720193,-0.8562238090168878,1
0.12658722847613277,-0.17149347477844482,-0.2006439650512167,0.6533176986751528,-0.9642703503376927,-0.1923478619554586,-0.9501681927137121,0.5912475890433865,-0.8899105998169365,-0.6315396159839619,-0.7919823467648903,-0.9665254544918915,0.756947890447592,-0.8670035145365593,-0.3997042307232868,-0.6337489778534136,-0.9451053124219442,1
-0.07825855372202374,-0.3683047860370139,-0.38648436129879377,0.6378960837875602,-0.946302653185234,-0.38541677417918024,-0.9450603682887989,0.6587893777149821,-1.0321186086934684,-0.6895616080915216,-0.847706393109178,-1.0694224729407664,0.8820998270233368,-1.1039555808481953,-0.47209655764090186,-0.7059414187334494,-1.1085158679970113,1
-0.004537021427183712,-0.18522920661435827,-0.2137055819486039,-0.2593286385613928,-0.8223498378044688,-0.20562533007203038,-1.0102643120620163,0.8737670841632857,-1.0842370289944439,-0.5224275262319671,-1.0494207873399657,-1.0185035931884177,1.0493011267804724,-1.206369711477816,-0.20175142459568862,-1.1077943531811958,-1.0339818750060248,1
-0.015300591034108402,-0.30513196600793446,-0.32714039161941294,-0.8276591854839724,-0.5518974706986052,-0.32366015287049404,-0.8739696561053826,0.5632297457982807,-0.8882439233921828,-0.9058366260305578,-0.969392179049738,-0.8486496597152717,0.9009722137779035,-0.8039929845054751,-0.8224263001716415,-0.8828646288139318,-0.6547009066986863,1
-0.6309715130050118,0.6819818602394234,0.6378938431545882,-0.7260971482575056,-0.8514014017010487,0.6606268173899497,-0.8839777713896632,1.0012252180821728,-0.6760689643712006,-0.8610930511002431,-0.9021599016927163,-0.8336565599877377,0.9408475454857229,-0.5935131390031175,-0.8870869071103655,-0.9360733075802741,-0.8086401706746768,1
1.2444966486968045,0.2313713171542051,0.18856012762057722,-1.4496590955761575,-0.43119740823077435,0.2357922289689238,-0.7940552339915282,0.8073750799898037,-0.7951418621622803,-0.7083038530669169,-0.9311071471905266,-0.9426358378488149,0.915380981938933,-0.7241446951504301,-0.5659570183984324,-0.917614066679131,-0.9254324593506094,1
-1.644857989444435,0.15623159944886214,0.11507170332754992,0.5908986191957976,-0.28654520072056794,0.20356385422080964,-1.1423675075932602,1.222388129243224,-0.6225691316311205,-1.0286583082340568,-0.9008638135065041,-1.0220563108874143,1.068285739017334,-0.5414726786553012,-1.1723465803053192,-0.9634362571796938,-1.1258967922773961,1
0.557749623840191,0.7423446236773268,0.6992085980785241,0.15437306189753378,-0.9532697234168683,0.7125454532062122,-0.820556827461809,0.7771522033364717,-0.7181821782465574,-0.984681122494082,-0.8717293541429139,-0.7293522122951525,0.8625870469095277,-0.6032747552398638,-1.0507924764237884,-0.8221111979323064,-0.5753835990238891,1
-0.0395505623879486,-0.11551453613001596,-0.14727023760367394,-0.27109364703737165,-1.1737169092696322,-0.13675262531151605,-0.7583810404638278,0.9584336324622099,-0.9322674556419164,-0.926772069408856,-0.8463553078698738,-0.6725548319442437,0.9151940042912768,-0.9964714466914463,-0.9888354927187726,-0.8360909726600142,-0.5465545686727531,1
-0.0033366841216554166,0.03545390687231353,-0.0021901833494119166,-0.3591253261754535,-1.0797917435699098,0.011722343183860883,-0.8944406119662387,1.214234921569104,-0.9177230399743226,-0.9912167288255692,-0.9281410278476278,-0.7898869622771547,1.0740137016493334,-0.9920596037269591,-1.1109345187979056,-1.0028698043604454,-0.7648232978062718,1
0.06790918675750504,0.8149368711800222,0.7732971250462202,-0.19467148740482468,-1.139449058804548,0.7792260474796243,-0.8313555378651935,1.4264433908219056,-0.9801539561868775,-0.6810383903656134,-0.916097691194946,-0.9212474232292217,1.0912250913900614,-1.1208777497666935,-0.6933119347508115,-1.0442102458748532,-1.0187020512065945,1
0.2967481440935554,0.6255087564937386,0.5807703310205078,0.32484260321408165,-1.0873209932805652,0.593531831184291,-0.9348511535365153,1.1682643758672895,-0.9378677208945339,-1.0271423323265305,-0.8686071416864922,-0.9076884013344024,1.0636554645933152,-1.016002833091556,-1.160953037236854,-0.8927053257140349,-0.93598010077355,1
0.17899320045215897,0.4224603854485751,0.3773020832590246,0.457592290273343,-0.9800874115376577,0.39278772691059866,-1.0515551397901233,1.2713580033837275,-1.0235402082027305,-1.1013664479828855,-0.9995954388035988,-1.0068517320528463,1.235374714674191,-1.1368459407555662,-1.2671596798175049,-1.0844910412434587,-1.0703604821988686,1
0.23790003549800887,0.9165699704052939,0.8776698174766807,-0.1552229922695937,-1.2920586814703714,0.8797395807267477,-0.9007284036423278,1.532516506996044,-0.8718157248206119,-1.0464666392808224,-0.9737184951996181,-0.746513298951215,1.1665923587377418,-0.9679128500420581,-1.2304031339064763,-1.135889504338615,-0.772744549802197,1
1.9363950885153682,-0.5557526362153483,-0.5608606613407925,-1.1264619834508391,-0.8424409785123267,-0.48528215469394814,-0.8082714578618225,0.8990834049857219,-1.0304147088863906,-0.9552190707905559,-0.9625765782993416,-0.4867763065768938,0.9521124830946699,-1.13550798091022,-1.0087312741285939,-0.9955852424150368,-0.18780151051114813,1
0.208714894377365,0.663447277407693,0.6191201921791376,-0.07073706902144386,-1.0903041326176026,0.6302710657964533,-1.2262095008049243,1.0443754074814104,-0.9070008910348203,-0.9372298334332183,-1.0610172333359889,-1.0388432529336096,1.1742630306306652,-0.9080447558576249,-0.9551121045039397,-1.1438404896906376,-1.0822564373843708,1
-0.6088822431030594,-0.0392267287870297,-0.0741654056755349,0.4421673637225216,-0.8905175210948684,-0.04981682639827713,-0.9818080314822906,0.8160633033600373,-0.7712189492749395,-0.47343933294363105,-1.027630390846448,-0.7444727379681468,0.8778300311706337,-0.7017905199819746,-0.1904665649195148,-1.107927065481172,-0.6125072200048906,1
-0.5426638625078309,0.47182208696908107,0.4264896405805348,0.2051252422587554,-0.8511772557195405,0.4509705239957956,-0.9495572614601407,1.0165054611309916,-0.9350936723664904,-0.7303954245845558,-1.0006860272324012,-0.9425180529323017,1.054302922352316,-0.979545843351806,-0.6333521045004664,-1.0663671235097507,-0.9476410080414146,1
-0.11213695609026637,0.9814466682446842,0.9446886400688972,0.5717118180316589,-0.923804983845332,0.9442231000532292,-0.788292777562706,1.3390107479471816,-0.6818639489066493,-0.8481197374939196,-0.9647453898780199,-0.7979458537782659,1.0570258029236783,-0.6762812989484154,-0.9259382365254177,-1.1053886192366265,-0.8266862350519518,1
-0.22867669795781184,0.09602072869916281,0.0564807741000639,0.955555827796211,-0.9351517990856915,0.07372920001765754,-0.93971317935663,0.9416625777663739,-0.8143819930343645,-0.9134952075767249,-0.8831546090400316,-0.9523916106164344,0.9757125060223721,-0.7819166909565268,-0.943614233827176,-0.8638141264350019,-0.9662692333142763,1
-0.8059429391607371,-0.7269850472838058,-0.717916055059618,0.18551888613678325,-0.852479772350256,-0.718343072029125,-1.1706336185597879,0.7928319643401663,-0.9077349850040188,-0.9961912108461355,-1.0948971017498645,-0.9598029299815575,1.1291554942721123,-0.8482478779069365,-1.0033536914036538,-1.1422969074688256,-0.8739168202622735,1
0.036075612283165595,-0.45923980697318223,-0.4713976412611225,0.47905348123371316,-0.9336594976636873,-0.4756741371410029,-0.9867665626830983,0.784469365167608,-0.6576030899859875,-0.8528069109317943,-0.9827995360569562,-0.7491875554447692,0.902136704298353,-0.4850910607641834,-0.8125378192018456,-1.0069205588056436,-0.5918959842977515,1
-1.2111050481740835,1.0960165791097216,1.0637900332597447,-0.4483549775944073,-0.8596210435424307,1.0946879020314286,-0.9454255756143521,0.9782011845667795,-0.8387326729813795,-0.7709867344599517,-0.9757060678893408,-0.8723030059175929,1.0006566196560993,-0.8253687495768341,-0.708626606766624,-1.029001187247046,-0.8382633912591063,1
1.0254389776977593,0.08661287526865968,0.047349881402031765,-2.519637801766217,0.005233571468516352,0.082590825229057,-1.0320441417834267,1.0086344094419222,-0.6936441539550461,-0.9205274625990557,-0.9154840989161662,-1.0115961376726188,1.0095107758506707,-0.5952257726373243,-0.9644066678389699,-0.9327309031213686,-1.072379184117992,1
0.30042809082828054,1.6080904821952529,1.6078011875950682,0.5317539548685113,-0.8683230027119788,1.5612815622409255,-0.9250823034115064,1.1523788574320621,-1.0178530932341985,-0.9278637271730289,-0.9443647941170152,-0.8741461435572954,1.0944100176314888,-1.13306847123001,-0.9905512244967805,-1.0012542445774935,-0.8672850778387737,1
-0.7688840861294052,-0.06971574372420954,-0.1034331617285517,-0.8422148874666833,-0.7366074675848066,-0.07363963567256797,-1.0154619301581078,1.1874276011949882,-0.9133123814101776,-0.7377438764942149,-1.0281250613711719,-0.8916647161595116,1.1008594282226734,-0.9726046931058985,-0.6926645581705471,-1.1504518005668514,-0.9041092588843952,1
-0.16603855967275175,-0.31218006979555823,-0.3337757188400728,-0.29067548459162423,-0.9870231955829495,-0.3291683360615562,-1.1106948531737477,0.8127157561395024,-0.9795895492242677,-1.0432129237672225,-1.0311924571090199,-1.0446126941977414,1.1372381996992227,-0.9867461214818736,-1.0963333684130638,-1.020498783614605,-1.0369165284053403,1
-0.40551758757424483,-0.9148141918562933,-0.8877384766115328,-0.43862315078033426,-0.8311315733357976,-0.9178016961242756,-1.1683412318142763,0.584842046447366,-0.7754768534320376,-1.0294450893962626,-1.0486477714738613,-0.9781207977328266,1.0137148740142214,-0.55028328550881,-1.037434789898695,-1.0080567419063236,-0.8667353346208879,1
-0.7314857413445347,-0.5646742600530952,-0.5690963531559422,-0.20555936836756442,-0.9090397795815691,-0.5620368051615624,-1.173429256983377,0.8034708410871456,-0.669013887742026,-0.907392509319591,-1.1207548848815894,-0.9247791373996563,1.0668396999715435,-0.4344387496002813,-0.8584250919575259,-1.2147509596520605,-0.8362141473797602,1
-0.8180179525012085,-0.13658646636217803,-0.16738828043099763,0.060281010158157504,-1.1257193012360844,-0.1372495463936211,-1.1146920144698118,0.8739191297798113,-1.0748875103484834,-0.9486355147446986,-0.94945000432889,-0.9328700854502187,1.0562586425706355,-1.188855133463931,-0.9598440185102066,-0.9195959556894854,-0.8816255177850548,1
0.3261501661365801,-0.5519014603748261,-0.5573037890854139,0.12070305522942973,-0.8844787570040534,-0.5657385063726703,-1.0175144781341383,0.7479226059030215,-0.9718518036305518,-1.0829916445341699,-0.9197347052178297,-0.9811337104620788,1.0227164063351506,-0.9834695510306289,-1.1809492939569042,-0.8206393167706573,-0.9337478979831982,1
-1.5133974031757218,0.5393072732000757,0.4940238558656076,-0.7941790467059645,-0.8149751774256055,0.5685538065186996,-1.0320317579243048,0.8352401266000424,-1.0010573491720896,-1.0111388730592683,-1.016542945147765,-1.0716147169847332,1.1357046564943925,-1.032641159941158,-1.0418543985395134,-1.0009992428266956,-1.0940842883955832,1
0.7698349679450761,0.5777022974909052,0.5325947928063655,-1.5924077078327752,-0.3988421050194579,0.5560272285830589,-1.0502710985427335,1.0477223915106548,-0.8634284433884919,-0.9907634746331206,-0.9755597977010847,-1.0933890121327643,1.1311967763806834,-0.846811844650171,-1.060047470576179,-1.0052982282324447,-1.1863006769047708,1
-2.160956022277171,-0.9672359938887267,-0.9346761618771535,2.044606659471126,-0.3583414976430439,-0.8424247961993596,-0.9275470772206146,0.6807462363416606,-0.9679749571605318,-0.9156942932249273,-0.8409509230704263,-0.941578468416543,0.8927321238937818,-0.9918143541415132,-0.8893604671341945,-0.6997482957502072,-0.8840582215870423,1
0.7638202517925765,0.42951701220642424,0.3843229451676058,0.5142270674618241,-1.4002789830863902,0.4099988250559943,-1.0278435007830102,1.1547241829213122,-0.9809970956097172,-0.90040036219737,-0.9952332003314631,-1.0488768455728534,1.160882498600649,-1.0609440131155734,-0.9270533679742767,-1.0654810592881214,-1.12963432314128,1
0.15815036293512125,0.5014544536552459,0.4561026952919815,-0.0293291129951697,-1.1387487120375144,0.4705234160321378,-0.9963979722299968,1.045151174212002,-0.6737158001328867,-0.79135912703989,-1.0332481849997348,-0.7505768768203547,1.0017766966631612,-0.5808918934946293,-0.7667717307283798,-1.1490735825577494,-0.6676835912730313,1
0.46482643841417504,0.5694922941335627,0.5243381508853499,-0.4042571637772481,-0.998059265585374,0.5405708049701903,-1.0272791602922537,1.3191526437647056,-0.7938985783124279,-0.9047661000272397,-1.116328641736838,-0.8036875368973541,1.1837218373922744,-0.7956778499566417,-0.9708442972536941,-1.3063422432723768,-0.7799698940441828,1
0.8321720412519586,0.08358658621135748,0.04441405430917392,-0.21760465225215778,-0.9468797419441847,0.07186092755106756,-0.9472297129954952,0.9964042514035558,-0.7146462267907496,-0.7229047142819776,-0.9294974272270451,-0.9541540707743251,0.962074849468136,-0.644198032832808,-0.6530676399787231,-0.9714530681221152,-0.9907950375115738,1
0.29744783375180595,-0.4180644401803783,-0.43302351823877144,-0.1296516697008095,-0.8647096381040487,-0.434237940369796,-0.8712935321448283,0.7133060471301206,-0.6168467835374793,-0.8178413655522264,-0.9046721794336473,-1.0294377722970154,0.879825182135594,-0.3891656545690065,-0.7313649344724057,-0.8425156544931429,-1.0551583856449762,1
0.6535666369822751,-1.0014882946885597,-0.9652370571131633,0.12183998414618573,-0.6277904472015544,-1.0017687438213607,-0.8257072367442592,0.4430365835655763,-0.7459620256799875,-0.8533213361198303,-0.8379512806031059,-0.8565812965809366,0.7251789282201987,-0.5554327712404077,-0.7407463301974693,-0.6458681220415202,-0.6922269805521708,1
-0.9830926648913494,1.1509424508625352,1.1212273090755003,0.4617194352033301,-0.7516825733861875,1.1364241503208652,-0.7309570426455081,0.8790120149586818,-0.7103722977147636,-0.8362464169720607,-0.8426885099898408,-0.49334643319173793,0.7939426112656335,-0.6630480896505817,-0.8602435174897254,-0.8536827142648191,-0.29442070775272716,1
1.0159559050004685,1.9199889204134897,1.9485095504704082,-1.0038336502702911,-1.192850053201158,1.885467616864797,-0.8858145196051089,1.5564074387444224,-0.7119188432162856,-0.6821779741554433,-1.0176855866911343,-0.9573935899395972,1.1431756335904906,-0.7531463251877974,-0.7166044232110624,-1.2143880903718844,-1.0855389188913214,1
-0.12255117902198279,-0.5503783730539483,-0.5558967967673569,-0.05256500188931334,-0.8158407735595368,-0.564284671965257,-1.0357562948136527,0.8079453643912143,-0.849909189040442,-0.8361111090840331,-1.179551229777343,-0.8535636552096041,1.1139463955777311,-0.7501649712237483,-0.709725056971554,-1.3180563329946893,-0.6882930471678814,1
0.2580351509080746,-1.0858911137230463,-1.0401790544014846,-0.11545768474820217,-1.0373754961806296,-1.0923213336740054,-1.1431346554031068,0.5702249724467563,-0.9186680513146187,-0.9496558731766623,-1.1754800166926052,-0.8751199989166963,1.0944359152091865,-0.8022045572495538,-0.8442439334105303,-1.2468343178059014,-0.6182428260921506,1
-0.2693707563867184,-0.9920278602526782,-0.9568047231449001,0.04154882624638258,-0.9101707775710267,-0.9969463703755465,-1.1563620218162112,0.5628396627253861,-1.1368574902922364,-0.8105397869723323,-0.981616104111117,-1.0760758518110871,1.0032450526725096,-1.2630600151059055,-0.5909688587378191,-0.8614857868385312,-1.0555312860668327,1
-0.2466497084644766,-0.1207278408310917,-0.15225055587650646,-0.18006630106070032,-0.7592018312687054,-0.13941220250301464,-1.0797663809864606,0.9102634183713336,-0.8941731030332862,-1.0382743951982967,-0.9330909024650262,-1.0745072875393273,1.0774832358333655,-0.8752003716599359,-1.1236774123396487,-0.8957770337188755,-1.1342437164920058,1
0.12775996463396305,0.3432938609015555,0.2987853322242837,-0.04409467830779617,-0.747188367348281,0.31468430760383714,-0.812426150515259,1.013087663701668,-0.8581452741047968,-1.020167964802792,-0.839554183895916,-0.8039973412187797,0.9636900062955617,-0.8787361627030591,-1.1406976937067945,-0.8255442405411337,-0.7565680705764974,1
-0.12271428452310179,0.2981733274767524,0.25423931929772736,-0.10307280002791303,-0.8556248293148881,0.2714052696118843,-0.8816478035607841,1.0664006817444662,-0.9118818388107051,-1.012299254733945,-0.9151372564506528,-0.9715339826144291,1.0765511132695007,-0.9477741822038388,-1.1135208794405551,-0.9270317894804112,-1.0034058334857052,1
0.8477214105692931,-0.2145579586506118,-0.24154896581062635,-0.11947424871368086,-0.880578920160984,-0.2209246825394438,-1.0373814642241383,0.9277916651480533,-0.8873804120010358,-0.8631800993865849,-0.8299532295424062,-0.9887932616164747,0.9478394256343128,-0.9068242987910774,-0.8643382076582488,-0.7782483598778885,-1.030776860050993,1
-1.0222990224802073,0.4322403717880739,0.3870334718119648,0.16291921349198799,-0.6912046263225213,0.4319660055585542,-1.0733781094654016,0.7269279010163652,-0.9602476796368342,-1.001751718900942,-1.0177826724235162,-0.7954499048497901,1.0158205618915375,-0.9580892976326525,-1.0252544543531916,-1.004914861229185,-0.5861777244511978,1
-0.08467051590190652,2.0997971653624905,2.1481457516989106,-0.35945953071795883,-0.8598262486970547,2.0454206203727874,-1.0405056102963577,1.2190780933556078,-0.9854155389283018,-1.058342568281672,-1.033362007150145,-0.9468932893223633,1.2147370623582006,-1.0696099431744321,-1.1913648995492967,-1.1336537048517699,-0.9651323294903192,1
1.0295230898516607,2.7910347755476463,2.9375307241005633,0.6447252192246171,-0.8543243521739212,2.74292396361557,-1.0074784243039647,1.478527962475294,-0.9933970698522409,-0.8885900510799338,-0.9767645165038806,-0.90763103397693,1.1828800211984012,-1.1314663232902,-0.9841102213999093,-1.1216259087752487,-0.9846075833463234,1
-0.2763440947994724,-0.2048262794539226,-0.23231709590328942,-0.17393671242879719,-0.7669267944936624,-0.2216933224356817,-0.8337523491979885,0.8099896538495199,-0.9957854362639228,-0.7755652358899463,-1.0049061408489082,-0.8310180462348878,0.9928163249963348,-1.0491663795359882,-0.6495672520966153,-1.0221106650359384,-0.7020729188017713,1
-0.48774755315408025,-0.32355753892146355,-0.344479226498417,0.5662036993842364,-0.697348681146051,-0.33351459747162965,-0.8863307718522264,0.8170768600792051,-0.7929954734493118,-0.8219056882002742,-0.7259338346084503,-0.8872837487214074,0.8005672654923887,-0.7680672165056992,-0.8124634699844614,-0.6234854607917246,-0.8818324551078288,1
-0.9166461195389665,-0.47184117833376427,-0.4831170418855181,0.7112409244635927,-0.9969806958930495,-0.4620954581385522,-0.9790424936793864,0.7286368923135013,-0.9314024995215098,-0.9828352967092076,-0.9712876180891807,-1.1231941725472905,1.0618324672556723,-0.89206795965368,-0.9770941329275661,-0.8955072225081767,-1.1799005867947026,1
-0.3500901902441921,-0.4091540764599098,-0.4247030953557021,0.15280133766800577,-0.932703375113729,-0.42135484893682745,-0.9569599712470911,0.8415972908659516,-0.9486924291086727,-0.6857203903334352,-0.9227999829676423,-1.0040630790141227,0.9592175482704725,-0.9832558415264997,-0.5217889599203523,-0.8982171776321087,-1.0266459287441607,1
-0.8530924012122031,-0.8811955140989011,-0.857531503798459,-0.6618621400924067,-0.7197899090455727,-0.8676819728838718,-1.0717644583507269,0.568126826742735,-1.1426865889177402,-0.8318977827329951,-1.0149948942457745,-0.9685205295118197,1.0072471227560447,-1.2749276360192288,-0.635064860892365,-0.9325162456219054,-0.8429271119197845,1
-0.7281164709513839,-0.5226038033719393,-0.5302096730081355,-0.44532294165728914,-1.0580978043727345,-0.5208000095032725,-1.2105159839355681,0.887786477027133,-0.9060503754561694,-0.8577221748987622,-1.1530585760376528,-0.8864744655060092,1.1421422647238417,-0.8709523478687322,-0.7713041182291164,-1.280414173548477,-0.7719131587991828,1
-0.9195952935149839,0.3861382726498198,0.3412214289602635,-0.19100086075342357,-0.9288810698920227,0.38145901369423285,-1.1993380383196703,1.0465858795881697,-0.6885722119397697,-1.0819736311813593,-1.0897059256448522,-0.9182750406249619,1.154137422028953,-0.5412297666931409,-1.2122736059486852,-1.2022670973080327,-0.8830012968865658,1
1.0353200483906464,-1.0380657853209594,-0.9977782230051898,-2.262434553465646,0.11562512167557872,-1.0227486923000533,-1.0062846153340241,0.5017909517591487,-0.9090901646289474,-0.9657497629396925,-0.9794526764102361,-0.8420091810892656,0.9039220559658093,-0.8195918938821833,-0.914471200741177,-0.8704038344698721,-0.6059954004447956,1
-1.1748334015692539,0.4418959260919457,0.3966478794466033,-0.2683356331219202,-0.49971203047004614,0.450058757423666,-1.0261289802901123,1.357621669907883,-0.7159804675124295,-0.6606501575602645,-0.9967479348098087,-0.9069650424789867,1.0725458484950399,-0.7263654135842577,-0.6470451599631529,-1.154991680208879,-0.9860146199425868,1
0.6717474596431303,0.8321509249444611,0.7909222846822634,-0.17943732729678694,-1.0375166018056263,0.8036599126442227,-0.8017522011576539,1.1944313449906891,-0.7926004137446293,-0.7145274053201249,-0.9397803220156838,-0.6839615712168374,0.9727310703977584,-0.8260364768913648,-0.7112627588476816,-1.052673176300983,-0.641806834582548,1
0.029495155731009692,-0.11483079620870873,-0.14661690771502864,0.22035423422908712,-0.9035468501805999,-0.1364351548884334,-0.8511475250548843,0.7274822928514262,-0.642969284336148,-0.6615699194067166,-0.8740551171133876,-0.3994899101775526,0.6968568742815655,-0.5373002854566091,-0.5616956467348729,-0.8853914597713876,-0.11620796313868394,1
-0.12375033796763868,0.11997027338000892,0.07975434869790954,0.025814003032839594,-1.0323879684568302,0.09591401403317286,-1.099745170559497,0.9244660376643747,-0.758331858781995,-0.8961603333963115,-0.9990333661233513,-0.9257236058885864,1.0282782443632645,-0.6623772779037973,-0.8919705332177835,-1.0408005842440513,-0.8975947584158078,1
0.07373407246010384,0.254589427101966,0.21135113899691932,-0.013939219511226956,-1.1505990384951483,0.22731395229866308,-1.0996900819883115,0.9540900496979622,-0.9723644818533153,-0.7614023274357344,-1.0553245170421857,-0.9063457823329977,1.0814604847379103,-1.0212856272523234,-0.6488002865805329,-1.1344049763625166,-0.8558554184858371,1
0.2711812077214053,-0.008885175147562303,-0.04497200187505862,0.7638408500984106,-0.8531873901860808,-0.03149048564085324,-1.0233320011216147,0.9652138293270156,-0.9778581349458708,-0.8305662369956903,-1.0835890415823601,-0.9154082095245791,1.1256818703919158,-1.0232697654922454,-0.75736908028321,-1.176000751409098,-0.8594503934592157,1
0.8013397617308632,-0.39513597749684476,-0.4116014093782677,0.8012603603768159,-0.5030138608259406,-0.4002752319255558,-0.9707373778057441,0.7522622156829588,-0.9628245541908662,-0.885363707778739,-0.8440846336379787,-1.0087989345666355,0.9273832889857152,-0.9927860597160947,-0.8484825986138277,-0.726242676204165,-1.016528028667311,1
-0.9518864238450205,0.6651658986925796,0.6208599288154498,0.09299284532086534,-0.7298331883052175,0.6573396131102454,-0.9771399840971546,0.9927089870023166,-0.8087640247031793,-0.9412693531184438,-0.8050382371941287,-1.0024359941526235,0.9565892802735554,-0.7959533377477213,-1.0095583968187485,-0.7615451391713939,-1.0686396435857493,1
0.7691533355399308,0.6447183845124296,0.6001751357558167,-0.7536441763792866,-0.7443990768301558,0.6219618316025536,-1.0238325118530889,1.0906650481525544,-0.7905779749640262,-0.916698917503933,-1.106802244406092,-0.9179860362971697,1.1572836157610855,-0.729144109649107,-0.937562723204175,-1.2436724222461721,-0.8962487381185499,1
-2.6862499580433763,0.2840433326430788,0.24031972502604296,1.1856304618659297,-0.0343395090849782,0.4403070816098869,-0.8175533806797269,0.8681664588161822,-0.21367606053794846,-0.5754436006195212,-0.8854885626849345,-0.8615777960567961,0.7628054849977587,0.0947222819755629,-0.4593314198969275,-0.9341249008653373,-0.8760811785173809,1
1.1330323355902734,0.7877359051638435,0.7454905343125278,0.02142416948660332,-0.9010187003945344,0.7769574944586638,-0.9266693919436557,1.196376047088458,-0.7142987170516253,-0.7297014334369746,-0.8957981510428014,-1.0666068306347714,1.0216358176720703,-0.6914103063432683,-0.7151249522404232,-0.9645977176731414,-1.1995559874735287,1
0.45158853154062006,-0.005149554436826461,-0.041373105168530835,-0.5473036459845625,-1.1296967917244505,-0.02550939782084082,-1.0308609955525336,1.1545365138828807,-0.9056271116836857,-1.01791802902023,-0.95764102031897,-0.9895511951659821,1.1321900465898564,-0.9446918148733247,-1.1288724350843018,-1.010698155718177,-1.0407761521972416,1
0.3137572853895921,0.02477662467055472,-0.012505547840547868,-0.8127497949975439,-1.124705936980009,0.0020616052753033806,-1.1388140705469363,1.049189808101557,-1.018295998484515,-0.9280650442890658,-0.8720577283347116,-1.0815912128389749,1.0711910501236193,-1.1201412483003166,-0.9701376651479319,-0.8476351380671818,-1.1806977837602712,1
0.4797713269095736,-0.2610370313159575,-0.2855457933268482,-0.7062826189334244,-1.2015807752272902,-0.2769692173714602,-1.1716534143259687,1.05708349449228,-0.87225982149349,-0.8349365887769431,-1.021695997260846,-1.0203801058079005,1.111608765124527,-0.8700792566539778,-0.8027675142798542,-1.097074240671625,-1.0711952382180796,1
0.1920275789421559,0.13861132036086762,0.09789816404776415,-0.5476545256046741,-1.131335280418394,0.1132723325318112,-0.9125953886117865,0.9364385402104637,-0.8278150746281074,-0.9103726453054332,-0.9637645379327757,-0.7861890218879672,0.9891107568931352,-0.7978971447345788,-0.9325870968241889,-0.9972659758086087,-0.6841484448230117,1
0.5705167918190729,0.6172719501041085,0.5724580670460923,0.31691791324383545,-0.9999173234992421,0.5896769787811337,-0.7704461325401943,1.1931682877521925,-0.8821579044254274,-0.8737262687574767,-0.9597525576839765,-0.6788273743807866,1.03153097684833,-0.943439770325264,-0.9337880941254582,-1.0628660103510785,-0.6051567800158759,1
-0.14826304924840394,1.3463618577959864,1.3273632581408306,0.22009925926069082,-0.9657645613623985,1.3039825027957963,-0.834129928683148,1.0320071225416354,-0.6366005515159706,-0.79955023943179,-0.7119281095654779,-0.8941551865750733,0.8318103345799097,-0.5939230601271223,-0.8403295184657112,-0.694513165679956,-0.9544712155156855,1
1.6832622316667585,0.005310272517608984,-0.03129070240176153,-1.0211162609493516,-0.38730377275805145,0.04274140567087952,-1.0028117038620334,0.9592451515999263,-0.7683045037833435,-0.9537666824678328,-0.9350573166036857,-0.8230997190217696,0.984163204573733,-0.7089495844763783,-1.0135108429290567,-0.9577686144628518,-0.7569363283505812,1
-0.14567793758825653,0.8550462512238988,0.8143978331945873,0.288741993514735,-1.3349905837200977,0.8200875305212981,-1.0391631117666453,1.2110458854861441,-0.9339623054756993,-0.9681210753663754,-1.0465475630706633,-0.8185619347169827,1.15731188567058,-0.9970932502477395,-1.0536952645094662,-1.170984344431423,-0.7754139581678359,1
-0.13734394566353533,0.3090083245411435,0.2649228283110035,-0.16414804615764345,-0.9144120486828079,0.28223626207608,-0.7899283425867639,0.94702887667088,-0.9468828388508433,-0.7884999422391948,-0.8387040235170936,-0.803044043047609,0.9104032778698095,-1.0183730812212368,-0.7623418489897431,-0.8204108730946068,-0.7516574861353368,1
0.04920374778276689,-0.3791304735650739,-0.3966247454240541,-0.3394819373387737,-0.8374371881129725,-0.3968100618365362,-0.7093093665027705,0.5921240535600661,-1.0234468457615074,-0.9256437063596412,-0.6977793239478235,-0.6659289039975399,0.7150461734467999,-1.110615523870398,-0.9379962190802063,-0.48936637071837347,-0.4477196841466036,1
-0.43577571226823075,-0.5954269727545111,-0.5974402437191911,0.356709661714883,-0.45242806447957407,-0.6025917426288452,-0.8778612064999843,0.47207405285828896,-1.0092235434172676,-1.0321394840288451,-0.9241367443105747,-0.6599346217239025,0.8393294346057795,-1.0241661741324284,-1.0555287990947024,-0.7718021531968353,-0.27061052957301635,1
-0.37644694199544615,0.20049766175493905,0.15831520070823435,0.5423175626193258,-0.2830922128294179,0.1794667299081785,-0.8454957606200669,0.857836837956744,-0.9455105536984227,-0.8915934802313533,-0.9643771542299038,-0.49218788828156956,0.9126186690542402,-0.9941186267021923,-0.901098922799903,-0.9986677995280524,-0.1966381382230804,1
-0.4291025618063052,0.6822381458971133,0.6381536098565448,0.5560733751664043,-0.5652738562950336,0.6549872770433881,-0.8993042336506298,0.9857182074637868,-0.7436831377845904,-0.8140246774951502,-0.9235658040104474,-0.6764821331467762,0.9157916357961617,-0.7050250510400974,-0.8153470135217531,-0.9764087454697278,-0.5657849611370706,1
0.41636524003036596,0.012338464292541977,-0.024511635217352938,0.033432112972618826,-0.3207142837877811,-0.008862202568225279,-0.8004173363517757,1.032841429340044,-0.6567318416264984,-0.6993419495094921,-0.8372884067067878,-0.8973812705149607,0.8884774360606312,-0.5990307848617386,-0.6633408769252569,-0.8655349580887048,-0.9389560974501905,1
-1.2320452666878867,0.4588012034314223,0.41349746469382037,-1.0756777378175986,-0.40188798012525867,0.4701657441160759,-0.899847159250382,0.6106806932496474,-0.889987869287661,-0.7886283181233097,-1.0012671161895046,-0.7739890821006039,0.8927370938022854,-0.8277809849369441,-0.6245139709679696,-0.9721694063207617,-0.5459800952246434,1
0.5554448156632168,0.1873514593154838,0.1454577853856728,-1.4706759815322448,-0.21828344187284002,0.16606354075171595,-1.1857299307026572,1.049982758002581,-0.7633657061291169,-0.8780450336665676,-1.0420940642298366,-0.9536142884062876,1.0957398812454857,-0.6915556668327274,-0.8787850448475133,-1.1358796310693335,-0.962960057936264,1
0.09558569916762863,0.8806580672029876,0.840703948369309,-0.2942754988334165,-1.1278861272179115,0.8439341341264007,-0.9385852523332497,1.1968732621153673,-0.9660167858538801,-1.057045308766421,-0.9673285877115586,-0.6515136084871035,1.085506009646823,-1.0609573458454518,-1.2092708454157577,-1.057414989148724,-0.5380523223942137,1
-0.12498700524948199,-0.6484419939162258,-0.6461409670024401,-0.4151703779988715,-0.8111937726068726,-0.6608331105128452,-0.990370266421245,0.6919004455906318,-1.13361519774287,-0.8600175015807575,-0.8886650805449294,-0.8208636589986683,0.9180080703727802,-1.2863022479307946,-0.7828385783578772,-0.7829919199213374,-0.6622130534502338,1
-0.3075577089676292,-0.317240983638277,-0.3385380058017604,0.612083446056737,-1.218030955176876,-0.3317731764711306,-1.0486137560069575,0.8177869994229638,-0.8886544148611782,-0.731139954071126,-0.9000396919669515,-1.0408303192644914,0.9446299143800375,-0.8776808567305537,-0.596531059273564,-0.8529035805744232,-1.0868168991101903,1
-0.07547413276617407,-0.1505747485936933,-0.18072548212317083,0.8447091132428818,-1.2859961448528274,-0.17100463986880465,-1.0120416198651687,0.9818884090638933,-0.9052248876667389,-0.7002370607000487,-0.8923728545209079,-0.8575396354455234,0.9408302742644903,-0.9522001580846905,-0.6197155111024119,-0.911930649333914,-0.8393380012207261,1
-0.25057254298771137,-0.5715428419102165,-0.5754329005727399,-0.13167236649397296,-1.2753614591358622,-0.5832603143297939,-0.992765726013562,0.6697958912797669,-0.962054951975171,-0.7108895360354868,-1.0104432369304286,-1.1085150570123843,1.0055316223946242,-0.9477214995790603,-0.4525906924437828,-0.970310098874586,-1.150358727281167,1
-0.4593123235024536,-0.6775055636560054,-0.672752522024102,-0.5547352584897447,-1.3204581363686596,-0.6827242512883414,-1.1190650571699747,1.0618764715316495,-0.9332430848362434,-1.1169030035401961,-1.016490545224432,-0.8487276591237177,1.144219552178959,-0.9649866877179698,-1.2766428087697388,-1.0786085919227164,-0.7744999190732884,1
0.6041527447331417,-0.44390063734836155,-0.4571164561143132,0.18006695328399286,-1.1944333907207163,-0.4542525382540381,-1.1850875275843213,0.8600719108143324,-0.847011735269041,-1.011880751000694,-1.0895243369236027,-0.8321866089331691,1.0977237538458733,-0.7689384649348051,-1.0592202883227408,-1.1632930306038398,-0.6804468046425385,1
-1.7084402681306865,1.0564048942348523,1.0225035120320012,0.018610810803655824,-1.0547591674974273,1.0906663498705091,-0.9729413793792289,0.9682557443969344,-0.8629747690149413,-1.0238550711436754,-0.8537323606745503,-0.8613822154077737,0.9753789069966526,-0.870112231165979,-1.1346117777525184,-0.8245544393642086,-0.8266649815739455,1
0.3572807319472182,1.251671746184944,1.2271331814056758,-1.0471681454156192,-0.8943101844984944,1.2108344744316408,-0.9652690051960554,1.1303167944419994,-0.6976415170110943,-0.9256564277334207,-0.9425277425020749,-0.9594039304375653,1.0486761012697123,-0.6319787747263642,-0.9940860986322414,-1.0076904127981523,-1.010766052387583,1
0.26662103296216794,1.7043163405216868,1.7121597527483807,0.14101382067060125,-1.0281666609739932,1.6557836579766088,-0.9872971680706902,1.4613938646504743,-0.9645991265549682,-0.6304084458279818,-0.8113846633585565,-1.027084092990968,1.047392613342633,-1.1126431349522068,-0.6504220725345375,-0.9151604046776257,-1.1876524548782375,1
-0.3724469939560741,0.5090922382942429,0.46374586686538327,0.05627270614357586,-0.9300036298584012,0.48320063475330105,-0.9028725389777523,0.9819010976256384,-0.7916665843735985,-0.6546284444860285,-0.8097427429904415,-0.9503018394665339,0.8821236771057439,-0.7915673941386291,-0.5747273724065614,-0.80171404968654,-1.0067575332220173,1
-0.22133336402636752,0.25452282958905326,0.21128571041068567,-0.4289016175210233,-1.0276224340351843,0.22969848340109422,-1.0182398481532935,1.3468876749208611,-1.0800103644146726,-0.8322881579345729,-0.9796302244139095,-0.8797435618545991,1.1540401857183344,-1.2479524908736668,-0.8736792101121464,-1.099332283111279,-0.9161059401441228,1
-0.4706342815485048,0.036600916816408854,-0.0010815586953700311,-0.5447310848697119,-0.8969885589300819,0.020502187314731756,-1.0137933952924643,1.01825237989249,-0.9942978346539555,-0.9242462042339348,-0.9380501967871205,-0.9278542704325636,1.0642565213137143,-1.0759188096818555,-0.9571215849856242,-0.9534814646445458,-0.9205756970655147,1
-0.4902627105545575,0.35085193607619886,0.30626166704648805,0.10738306304414144,-1.1114590249933236,0.33037644466475086,-0.8911119001206348,0.9888610610522987,-1.0201141132997875,-0.8006994815383237,-0.8046003134846774,-0.8402635698643238,0.9252225710147927,-1.140193256127001,-0.7914373801853822,-0.7747627198091851,-0.8208466378069361,1
-0.402156452450693,-0.04534863910436099,-0.08004753003082944,0.6563547949065329,-1.1640796660855373,-0.06195911934730405,-0.9724642425554327,0.6287566795968769,-0.8046496978526259,-0.6517891598647317,-0.9533905526931724,-0.8485228729987092,0.836542187697611,-0.7007121986227928,-0.4114615757973854,-0.9132202294599258,-0.7193230142307657,1
-0.006597264618302529,-0.7991937444904625,-0.7835062630525068,-0.15860607034885174,-1.0275867295546186,-0.8103150540262268,-1.1172627409253952,0.46122306875566416,-0.9361034667309219,-0.9126350109848086,-0.9950440710868538,-0.9047679163813875,0.9107173179782867,-0.8555512124046668,-0.7877818253251445,-0.878521616455007,-0.7042426376918294,1
-1.2084917869404386,0.0815028217123467,0.04239296549231398,-0.9266922131550248,-1.2213386901858463,0.09822837671333359,-1.2174322130348376,0.9240707480654983,-1.16769848656563,-1.1395914780593464,-0.9399198725669294,-1.1138338089426167,1.1814288068688374,-1.3456872377923514,-1.2906286976209327,-0.8714290167202406,-1.1829427576893785,1
0.9504612301297081,-0.7775425897595346,-0.7638794610390283,-1.9262337594603016,-0.5686938085443445,-0.7705531313262477,-1.0438116949478802,0.44822320195543314,-1.0776203992346463,-0.9668267602209661,-0.8475830341058316,-1.0395395159043497,0.8746911086214084,-1.144491282873571,-0.9057484189013559,-0.5777040976165603,-0.9818769797346687,1
0.974601858078202,2.0562741628758476,2.0996073768261154,0.7717936250524141,-1.0519434302689372,2.0179792896328506,-1.1478630063245139,1.2632168647056925,-0.8384867129072806,-0.9261751967735555,-1.1040525009264444,-0.9711200111354564,1.219825672906545,-0.8400015503245875,-0.9816638457658297,-1.2647789618186136,-1.0150429486057373,1
-0.5525621142410029,-0.20976579902835094,-0.23700378857169688,-0.7176225181199173,-1.1196794210082186,-0.2195231978957338,-1.0928425787807483,1.2221155939217692,-0.8507315770294667,-1.044123571150418,-1.034969964217009,-0.9319311971013964,1.1823691944674437,-0.8594933428987749,-1.1745258258619078,-1.1469675552829992,-0.9518310424226474,1
-0.2700833943986862,-0.42329462175219823,-0.4379047250851737,-0.13534211622101047,-1.4212694037050075,-0.436928012747853,-1.1446809292568916,1.104981114591288,-0.9558922608432047,-0.9914210482729622,-1.0622032044947676,-0.9961265008982149,1.2014142091053004,-0.9998100287299166,-1.0577847045554873,-1.1557322101203182,-1.0183950225966572,1
-0.5417436554248396,-0.9415945423931054,-0.9117421982175504,-0.45435506117959223,-0.8774439561243134,-0.9400662740045785,-1.1931484143332611,0.55874899532334,-1.011125423011809,-1.0922233026397261,-1.1121959257317116,-1.0125240067427559,1.1450689726584478,-0.9772845281058984,-1.1290670300947216,-1.0879283699359938,-0.8782008557478824,1
-0.5186403387948121,-0.8208184896077434,-0.8030750507971053,-0.6183615929446276,-0.7759824320441443,-0.8219708201341622,-1.2526517420886059,0.7760004135050861,-0.9464962894201797,-1.0309049841172782,-1.1437920759889744,-1.0876754646663542,1.223943863733399,-0.8907688194249828,-1.042387617539155,-1.209027878005741,-1.0848592531993875,1
-0.6775376500710621,-0.2997509353643501,-0.3220720691894502,-0.2220814845470544,-1.2358456213273075,-0.30362664653690485,-1.1874230038935965,0.9930265508910389,-0.8217990068512733,-0.8845846361524803,-1.102775151452517,-1.1239907505952633,1.1859028763405637,-0.7403284247191663,-0.8425577056671582,-1.2024550340995885,-1.2154142443222138,1
-0.3035926473648376,-0.37209438559870806,-0.3900350369665369,-0.1563582207467861,-1.0309391590139185,-0.385863082305055,-0.9742860501873101,0.8936549402010594,-0.7642925295643443,-1.0401628037844624,-0.970715196487709,-0.8138319135472206,1.0061777031360724,-0.669304891114659,-1.1391510487239693,-0.98665340969334,-0.7040046141559068,1
-1.3815701702717478,0.5435098584106115,0.4982404638139964,-0.39519664784903763,-0.6541647077765609,0.5631600425547033,-0.9193650429550602,0.8384863998312143,-0.8301587056851826,-0.7730550371565881,-1.0513518344674613,-0.9871350804469409,1.0420413530403372,-0.750179595651656,-0.6362950329290052,-1.1017652189912128,-0.9697679982714755,1
0.6166034463727786,0.24485534688240304,0.20179133875818553,-0.9528401957084164,-0.35150721669319407,0.2241029300052583,-0.9351765848879171,1.0949282831948386,-0.5431583987989015,-0.81756946065927,-0.9300136351582966,-0.8753135146048732,0.9616280126919674,-0.41599737832746714,-0.8404009121732715,-1.0081712675386092,-0.8985783851592033,1
-1.1117615284540627,-0.188290912061178,-0.2166151541033239,0.3596120168244303,-1.307279281119919,-0.17265723002704697,-0.9122424565670474,1.0398309361030666,-0.7213605926764984,-1.0246240442177599,-1.085166722204419,-0.5443253290822204,1.0454000378302803,-0.6378380187899022,-1.1353530895334774,-1.2230695258591646,-0.3089715509456065,1
-0.25319954432727587,0.0220503561509046,-0.0151380761256039,0.6822314010302696,-1.2883175838296232,0.0012945237496259912,-0.8702847332271298,0.9833747343138615,-0.9156297840150417,-0.9012060913218566,-1.0064608054132365,-0.6143192156361378,1.003079680529192,-0.9525182642550798,-0.92693089811246,-1.0832961451556933,-0.41671877774178007,1
-0.15733699090327682,0.19413115673568673,0.1520869792986574,0.47449236460991745,-1.142569230334101,0.16933875167794404,-0.934503616500191,1.094530467515055,-0.768323888320639,-1.013022975740353,-0.8618123190848626,-0.7550855704553503,0.971620520562008,-0.7594743851765063,-1.1441402446590383,-0.8925714261665043,-0.70912450355115,1
-0.11445373297993613,0.6079097550020868,0.5630161038089436,-0.4028470495107538,-0.914286613054003,0.5763645753767149,-1.0221247117683887,1.2342641715244551,-0.8709193772150202,-0.8144544559455609,-0.8373866165374921,-1.071002900957715,1.0406883919124834,-0.9336391311366934,-0.8510066225551599,-0.8769149832111162,-1.2094094630273122,1
-0.10965944585401283,0.6993455893958713,0.655504233826353,-0.48363794222097056,-0.8456271155039411,0.6663687431826376,-1.0857289923325393,1.0593170654372495,-0.927479008699607,-0.801820507885327,-0.8413063384010212,-1.005502715282087,0.9901328592969286,-0.9934030250896009,-0.7930886392201033,-0.8359590232076776,-1.0815545937476543,1
-0.4310284142723209,0.34158401397205945,0.2970945542222263,-0.20559949188791365,-0.9370878182007639,0.3196766670695103,-0.9402319703262857,1.0416009554749521,-0.896395884281465,-0.9580104480459359,-0.9102204783479962,-0.6232021738206744,0.967933342456286,-0.945819010534026,-1.0459087269209388,-0.9536915197631347,-0.4813099308607926,1
-0.02997762978955717,0.13141206224699867,0.0908879398692862,0.14206125102825518,-0.8461361869893709,0.1063826610347058,-0.7681997493828645,0.8225128593499356,-0.6412728011064178,-0.8343607219024394,-0.7457047928847533,-0.5622024821997235,0.7237645813001548,-0.5647890309517096,-0.8647462267077403,-0.7051339313021356,-0.41408123681265335,1
-0.7185686227483383,1.3734849556389939,1.3561935253007638,0.2995547692685836,-0.998193825310873,1.3441208088048269,-0.9301113778440285,1.2232862583577115,-0.3876461354723676,-0.8028701958921647,-0.896806531021536,-0.95025339835624,0.963287296814806,-0.24258573039723597,-0.857077672824993,-0.9985483529542838,-1.04786494440223,1
1.9076245188935623,-0.05217964147325932,-0.08660775073649557,-1.7196224118834385,-0.11743777859583641,0.004906483853097498,-0.933554933302352,0.9315813646196658,-0.7567175138817693,-0.7138862913280928,-0.9271191871917005,-0.8653763523033234,0.9265932919486175,-0.7020821240617093,-0.626975811782097,-0.9570753484123125,-0.8388557611094852,1
-0.7154018793397949,0.38513737243220886,0.34022854259441776,-0.1658921448992148,-1.0645608916822578,0.37161324472183194,-1.1658170948704347,1.1386471869109904,-0.5899578965296537,-0.8534738767002953,-1.0255580800249697,-1.121837358367254,1.1097133914205626,-0.43670898367724453,-0.860730437805056,-1.1293243558928119,-1.2559648622131858,1
-0.18093895241118282,0.48913697903058967,0.443785482752516,-0.37374249369235363,-0.9864589133547946,0.4601641729251643,-1.1060628246955508,0.9373952772592241,-0.6482366602787526,-0.5237682751414287,-0.9613066208828139,-0.9754340172756938,0.9158422543184362,-0.5336202236259183,-0.32337147343107714,-1.02202352808656,-1.0221046583487816,1
-0.1880599557856243,0.31877120008776366,0.2745565274507171,0.6296164798577943,-0.5781190717186997,0.2924848602945901,-0.9433768316797572,0.8087971039465511,-0.6118632398587132,-0.796708841439899,-0.8988999180768583,-0.9196691831263603,0.8753936981499228,-0.43342920270644836,-0.7364639209261364,-0.8789056847593842,-0.9022259492302068,1
-0.23281148161578757,0.12343606326579994,0.08312577706474995,0.5472007651761094,-0.8112012209069326,0.10079213737968173,-1.0168707391415832,1.0459077513798103,-0.6365729464203831,-1.0049886984239433,-1.0751607551629547,-0.8806304143092247,1.1043089720612542,-0.47493027642107183,-1.0903274717617135,-1.1903401751516245,-0.8372824356492501,1
-0.28738553134585826,0.30963728035782595,0.26554325299704057,-0.29704492660618187,-1.014036435841895,0.2850868277418803,-0.9250731514138834,0.887048035572633,-0.8094063433360461,-0.8039857637343226,-0.9832336140082472,-1.0398332637267556,1.0242018878269508,-0.7375906379179574,-0.719401058331823,-0.9998363872616601,-1.0821088215679637,1
-0.3367860745565799,-0.046372797136851954,-0.08103130686656809,-0.6574125516549475,-0.8628920139324988,-0.0644677909600719,-0.8724215810221754,0.8358905182925113,-0.55889791084416,-0.7574141357027313,-0.8158163151753756,-0.9910470817462639,0.8312269816957155,-0.38413382910937016,-0.7012134816034863,-0.7692437812894991,-1.0439666903974987,1
0.3373244195194984,-1.003543825113459,-0.9670683435448665,-0.5063708850427222,-0.9079070878478664,-1.0103913521648786,-1.019639164417066,0.4381122929284281,-0.7036266632361643,-0.7782868552595253,-0.8929955571178153,-0.9665364564337051,0.7625449343817711,-0.4534776318733939,-0.5766180797406958,-0.7299788223868025,-0.8784834732592657,1
-1.540586756367195,0.8585604696553458,0.8180044895173237,-0.5028903328464899,-0.930592312336096,0.8836418537419458,-1.113764444844904,0.8692025516811458,-0.9944682155664478,-0.8761459414785157,-0.9081103335760712,-1.0529721071566567,1.0231016166336195,-1.0535188858026545,-0.8401204720921869,-0.8553534166000235,-1.1001823448560037,1
1.3524118708444273,0.7802373548032167,0.7378345038811455,-1.6454207938949146,-0.3986623183788139,0.7811057856634567,-1.191699889342703,1.2682756251335667,-0.9553240122370232,-0.609389306073714,-0.9740377927602473,-1.059592646024846,1.104112313687581,-1.054084206110713,-0.5201123954225187,-1.083895175792133,-1.1845459170167192,1
-0.4005765907558609,-0.2981022465220839,-0.32051876872874163,0.25096513925790226,-1.1660441010694256,-0.3108237845792566,-0.7732792012832228,0.7994808636859497,-0.9338912112759644,-0.9893116548812266,-0.9260928550496904,-0.6101832719140711,0.9171792097967997,-0.9580067257293372,-1.0498006955484047,-0.9043239272721129,-0.35458509134936306,1
-0.3025356093679741,-0.2936945947019326,-0.3163651589842462,0.43312852742073754,-1.342243237559226,-0.30869043921419576,-0.964880215820741,0.8566595173717421,-0.9394425890428585,-1.0538858985023936,-1.0788223905624141,-0.7550942488596872,1.0975372630816276,-0.9347177583162785,-1.1354170290103258,-1.1418623618799586,-0.5401964778455919,1
-0.21870536348392527,0.30889750273860217,0.26481351267584985,-0.6141354292230983,-1.1518922209274258,0.2832039849987,-1.1301633931668134,0.926387856635429,-0.8527794472164184,-0.947727971327721,-1.083650941267624,-1.06409844885094,1.1607643468317077,-0.7812960314013274,-0.9434975311132375,-1.153931330830713,-1.0988667804686882,1
-0.13159828289778241,0.6192411950497403,0.574444902902943,-0.6249407007065221,-1.0884553254525364,0.5877023428141962,-0.9726825058514531,1.3115934195135177,-1.035013923856919,-0.8713300267147797,-0.8397393495915381,-0.7200952149594464,1.0221720758830757,-1.195665189919894,-0.9639293233606032,-0.9168096007364757,-0.718052447085352,1
-0.015834054463715698,0.6437541169741314,0.5992004303308435,0.09504452434236932,-1.3478676210877218,0.6109098495343986,-0.88783212456748,1.114187734508832,-0.836548168654498,-0.8808275651692042,-0.9169989028604871,-0.831968322160919,1.0132170725348064,-0.8577580086850114,-0.9286737953104838,-0.9733305347010787,-0.8183387933825079,1
-0.37623676527267375,0.41594269211230356,0.3708206446580018,0.660692284205375,-1.4154411941864946,0.39157513610442135,-0.9555162821970526,1.2243100055822238,-0.5547910775875511,-0.7203702182411986,-0.7917340180686864,-0.9699856083758087,0.918358702029054,-0.5099433828723017,-0.7526801828375248,-0.8569892414019696,-1.0900029642892655,1
-0.14709999826927744,0.5433423228327994,0.4980723446074215,-0.32232490571848244,-0.9702937018236258,0.5131274766908761,-0.9261609291798435,1.1418008958615447,-0.3172796943672419,-0.6942036672014296,-0.89884225255027,-1.1317354163231172,0.9490743803168395,-0.10329296595051475,-0.6710005822749864,-0.9794341460726754,-1.3030200736049082,1
-0.6206848778264811,1.3214848575973925,1.3009675621259822,-0.9903870944731632,-1.246944685164218,1.289620931481492,-1.0794997055217133,1.608898667748225,-0.4837570389725169,-0.8745303364447964,-0.9726505235588065,-1.0563252308982274,1.1490565023389794,-0.4486852195534026,-1.0015627191776197,-1.158400096417343,-1.2319596372433708,1
1.2811049308654276,-0.3547152504688504,-0.3737430096090954,-1.1703524284743299,-0.5860762248219378,-0.3379131804089487,-1.1356807426034177,0.9784333293544114,-0.8243512354844797,-0.8652611096527644,-0.9552104027692409,-1.0790467572904727,1.05734409329857,-0.7828353494497127,-0.8467753919658917,-0.9713834493756947,-1.163624680180845,1
0.5861878150398167,1.0586852550172565,1.0248771900218236,-0.1771427032578932,-1.1291385775701746,1.0246189436485404,-0.9875925843348361,0.9305174734054188,-0.6804009933538985,-0.758816762095365,-0.8949706303917806,-0.8569908207979176,0.900269354671469,-0.5895362591052149,-0.7118853124951544,-0.9132323027394783,-0.8356290227037371,1
-0.8407432854482375,-0.7138233566860506,-0.7059198245058794,-0.7311425050201541,-1.0857098506059997,-0.7037490247796857,-0.9931855954893268,0.8017531227598426,-0.6828301382159749,-1.0519263095795275,-0.7861673796328661,-1.0446197213580268,0.8982739726609861,-0.5381470304331247,-1.1633663745993492,-0.6631792744075734,-1.102030504368011,1
-0.6346007744943505,0.3878773275037361,0.3429467333138853,-0.4225445196303998,-1.1699346657447036,0.3713461315967202,-1.0345535581579708,1.2608136151721052,-1.0743138388905813,-0.755858902504518,-0.8943778367622015,-0.9576608805563618,1.0801773493597238,-1.2390248059220164,-0.7548540288212542,-0.9615954880489203,-1.0337508543460312,1
-0.4415539083696772,0.043318581976006,0.005413219913659621,-0.5196670253858093,-1.0241649969595743,0.026329421363458706,-1.002225521634958,0.8548275405831777,-0.9252276193827187,-0.5536631047048819,-0.9935621734421582,-0.8187369275432755,0.9309651252563961,-0.9544890723051846,-0.3169940825871815,-1.0418989112990387,-0.7289686263025684,1
-0.6004542705973818,-0.7581049634611818,-0.7462301458403091,-0.621787150405417,-0.8462384120056043,-0.7574644777318477,-0.9421446788400059,0.4344933591037158,-0.8564826442698353,-0.6534914300248199,-1.001915625879921,-0.9521274318901726,0.8355978144944991,-0.7129830447549526,-0.2862969466811383,-0.9132878115926755,-0.818146657514069,1
-0.8169120457163167,-0.13507689994547684,-0.1659481245238255,-0.5929908055186222,-0.765534891879647,-0.13581500286538647,-0.9200913288612326,0.9724436953790264,-1.028473910154936,-0.9802435850411864,-1.0207297743038228,-0.9116240257126316,1.1277385390542993,-1.1125353287060895,-1.0238463874245671,-1.0620048435670981,-0.854765331039947,1
-0.17542708777733168,-0.18144313476073304,-0.21010669249778052,0.13801463194069583,-0.7360369894953283,-0.20029326242748516,-1.0441577315802808,1.2085063573577242,-0.9484032512897339,-0.9175684411494179,-0.9494170212014266,-0.8860811535307541,1.0989721489283595,-1.0327567299192988,-0.986970017038003,-1.026777098637438,-0.9026349410317664,1
-1.4029909057078207,0.9963291615769324,0.9601057491824604,-0.3959908527910161,-1.0022975720970613,1.008975106517334,-1.2227910283947063,1.0136592578520804,-0.8839244336698182,-1.1192615055276818,-1.1454380361278849,-1.1420627460568487,1.3082243262628164,-0.8210294599253334,-1.2480835975284958,-1.2575845939638595,-1.2277180593888068,1
1.323183241721895,0.2756615497060303,0.2320696199948357,-2.2538869698514823,-0.2077615830824149,0.2837519474153529,-0.9898303382791199,0.8487528331093019,-0.810551305158573,-0.8728579660973298,-0.9975351310580804,-0.9816675471968165,1.0249182378671318,-0.7253911816136431,-0.8263431891139875,-1.0111894837964126,-0.9691687230858865,1
-0.6430594720062734,-0.21220507330363728,-0.23931755443358546,-0.32067621466901736,-0.7922710598395082,-0.21879817082699118,-0.9222977378328412,0.6575651941572511,-0.6814622137332014,-0.9049430057623272,-0.9441244147490366,-0.8445619037831684,0.8738091452834253,-0.47686468010803057,-0.8680089240193498,-0.892286757011342,-0.7087240950796456,1
-0.1063841790513616,-0.011775632718739533,-0.04775597113199776,-0.10621359769050617,-0.9144659238416787,-0.03401700405532055,-1.0049334615051275,0.8245862339838941,-0.9972675451572554,-0.6686579423698445,-0.9526885345298007,-0.7833940737111229,0.9249490038019416,-1.0703387528798751,-0.5011649947838445,-0.9595580443026638,-0.6584400842975563,1
-0.014582718011266019,0.1583104740609187,0.11709936179242939,-0.053775014390352927,-1.122980637716786,0.13278445016376544,-0.8522135259041255,1.1337763993249086,-1.0537810805185224,-0.8227459187283317,-1.0029190319725736,-0.7369963256614367,1.078376476717642,-1.190249094547683,-0.8197120049179082,-1.0996017121299775,-0.6484944036556797,1
-0.22080738240006167,0.44837047909869104,0.4030986439888865,0.5677219975825228,-0.9454375273794698,0.4205826488447341,-1.022291079611411,1.1358643244594506,-0.7116642996027411,-0.8729267051639601,-0.9627747647467328,-0.8134092018483587,1.019768591436787,-0.667371579017716,-0.9202427903893383,-1.053710650846144,-0.794671197654772,1
-0.11353569169506915,0.8146099799027611,0.7729626357308603,0.44037030304909486,-1.0183719911635383,0.7799258104485823,-0.9687802746386756,1.1726998281060155,-0.764880313048889,-0.7870237117627317,-1.0343621929205542,-0.8696892877652479,1.0796041676731989,-0.7408898291731315,-0.7745944301993105,-1.1632368852474428,-0.8723354401701002,1
-0.03627483564460057,0.7960003248633217,0.7539332616556448,0.20686375814714064,-1.0460009083615345,0.7609771800756274,-0.8524628756097117,1.1692040781866302,-0.65969949886673,-0.8058436313117823,-0.9133084809183116,-0.9614452724729492,1.0080960540902817,-0.6039720424822295,-0.8290960770238,-0.9886869498651462,-1.0369084025763322,1
-0.11607054809357731,0.7481316256059594,0.7051008060127493,0.12197352150485931,-1.0771029765316864,0.714479119289491,-0.9551138405526755,1.4012109061114117,-0.932105100179365,-0.8370413296813116,-0.8973647474879707,-0.9070974251947977,1.0948901082684563,-1.0462338817115264,-0.9140299815278783,-1.0065874850170318,-0.9907254835625645,1
-0.20424781911887308,0.8207445396983178,0.7792410802637718,0.26670412757698025,-1.031187014457376,0.7870447475932789,-1.0246868411757262,1.1542843809989123,-0.6791697204259198,-1.020021417664478,-0.8684708079844374,-1.011519713686254,1.036454792015193,-0.616749779708025,-1.1527316380323507,-0.89865559472038,-1.1020116154238744,1
1.3861373536988375,-0.7070201688602196,-0.6997141095730829,-0.10056541821666332,-0.4851640490028258,-0.6772764987473758,-1.1964538028910698,0.8659549189426113,-0.8466966847745645,-0.9620932426244916,-0.8477594535735173,-1.1044107542129635,0.984503861739604,-0.8082203523594587,-1.0020433291308308,-0.7619465085830913,-1.1976455889923177,1
-0.5847421014603125,0.3723257628439481,0.3275259541984486,0.10384779089223191,-0.8326713864432932,0.35436729774495523,-0.9160950411966068,1.1811260142934235,-1.001894484134457,-0.4155085625146537,-0.9197054425648488,-0.8978992894887402,0.9789418332707123,-1.1346514617257308,-0.24765868832345586,-1.0142745695798454,-0.9536488909312446,1
0.09119272747942482,0.3391828697990628,0.2947205480220447,0.8335422036908122,-0.7040517857160318,0.31061839867977115,-0.8532110790971218,0.7962583379419489,-1.0311796911251911,-0.56383595867506,-0.9017993191248421,-0.6819381386366743,0.8425473019047199,-1.1389092784242043,-0.3535259250485818,-0.8936780466756703,-0.5176677698553824,1
-0.03624061234783248,-0.30193887717099827,-0.32413311735286743,1.0209736260979858,-0.841185570795453,-0.3203840698468793,-0.9438211366319325,0.7312048254604586,-0.5718025083225001,-0.6195109567657883,-0.9628776279848512,-1.0289791226100597,0.8716157754219722,-0.32544537006448343,-0.3940435164861,-0.9614020876851096,-1.0624810338752804,1
-0.23035279480100007,-0.3498500817699337,-0.3691782288010246,0.3072256985190862,-0.724828833065558,-0.36530595808856037,-1.1206148208477604,0.534864538549044,-0.5606715402243313,-0.8808940238807481,-1.0859392909063053,-1.0490855471327705,0.9595473059513221,-0.123534649369978,-0.7378557486729334,-1.0848810418761778,-1.0056783837187484,1
0.01977419478829413,-0.1479437428246221,-0.17821802373464582,-0.17757253124263325,-0.7442325207922412,-0.16901287802475337,-1.003490819879256,0.9305135813387111,-0.9712266667770763,-0.8379259241086213,-0.9319939848723645,-0.9586643660019762,1.019491812277612,-1.0283167801353779,-0.7967186277273411,-0.9263832645745669,-0.958425933129707,1
-0.22414378690787123,-0.047477892146038765,-0.0820927437664968,0.007227944825333221,-1.0087017178629594,-0.06765134678411407,-0.8811565299201138,0.762223768703435,-0.7792513541288318,-0.8906996915133242,-0.9470062616956479,-0.6832511952203776,0.8861916120480715,-0.6908883303515243,-0.8762543818728913,-0.9395698384815387,-0.47588134924961,1
-0.13155332037351497,0.14298194056753008,0.10215586423164068,0.6152459950252731,-1.0044429748080428,0.11866250338013651,-0.9471404509236034,1.2951107873860284,-0.8045819159630894,-1.0184397487953252,-0.9614469855652131,-0.8804023811242402,1.121517465029296,-0.8247969840939933,-1.1587152438225345,-1.065674271966322,-0.9126901791014504,1
-0.8127261633488376,1.6551152339685176,1.658716081903535,-0.8275757518143919,-0.6035319878532132,1.6247565219422715,-0.8525448229366027,1.5349598592489746,-0.592975213817732,-1.1268965948929146,-0.9993737954301818,-0.9248540444173871,1.1923714024925514,-0.5584971527396436,-1.3445893771954995,-1.167857210132033,-1.0208244883187874,1
1.2316507632860152,0.782690868402506,0.7403390940160793,-2.374639309708192,0.0496520141362621,0.7769029691536816,-0.8440486500748066,1.3459546222189742,-0.658971217880502,-0.9725585622426356,-0.924413470365687,-0.7180888495747214,1.0381234391114258,-0.65247916709249,-1.1168057913487095,-1.0518583899203573,-0.7207786411073331,1
-0.0698302960626948,-0.5954515981799748,-0.5974629126697912,0.5950165645488337,-1.346470921914571,-0.6092018050191808,-1.242054871601353,0.6584890486276761,-0.9796742882988129,-0.9170528286351641,-1.112535762693066,-1.0319728335626008,1.1218912391475215,-0.9479833260546746,-0.8032782380423872,-1.134019781522676,-0.9653102879072283,1
-0.2724719818595489,-0.35437924790397934,-0.37342780810695864,0.806113931079508,-1.0135602001734587,-0.3690249786526857,-1.0252354959950016,0.7812964023930519,-0.917577650910054,-0.9250152224086987,-0.9632603530827932,-0.7714055883919695,0.9593406521382528,-0.9125617453759844,-0.9184432217807282,-0.9463690237222881,-0.599473534214894,1
-0.303532058745014,0.35161311087808156,0.30701484033119464,0.5284498550516501,-0.9962390760023078,0.3267222553939864,-0.8523126684024204,0.8905216476354408,-0.9608731788139535,-1.0166158453805694,-0.8778373931493406,-0.8711438278215518,0.9881403098457945,-1.0088952426986735,-1.101879841091743,-0.8260016807611507,-0.8076776418535597,1
-0.15796833201875726,0.007328578448909555,-0.029344306454270674,0.8261371412647965,-1.1537219976724475,-0.014619053139677877,-0.8673095287458631,1.133703421289585,-0.9243712918226055,-0.9682817827652531,-0.811607314120038,-0.744848563880104,0.966566492632045,-1.0110793115108039,-1.0838260178531296,-0.8292604401298368,-0.7114354536954195,1
-0.16968360383143646,-0.09556001976434787,-0.12818921756869817,0.7545827366837677,-0.7845785670666228,-0.11579314994356446,-0.9746489095180907,0.5852829535621096,-0.5889209692674946,-0.8546378450295601,-0.9830325004557773,-0.834130709590247,0.8430004589103802,-0.28441575234541794,-0.7579719941602947,-0.9464965214394944,-0.6681217475914423,1
-0.553934194283326,0.38839191834857306,0.34345729757528687,0.34841501828969657,-0.8347777228972377,0.3692025388874468,-0.948161190536083,0.8783892524356579,-0.5331881592339787,-0.8487433577324867,-1.001361289987506,-0.6954380663968744,0.9073144798019169,-0.3219146887654882,-0.8379265419529074,-1.0729790903737846,-0.5474357968675534,1
0.7564256515514244,-0.40753667499848667,-0.4231921594593764,0.006891898903376553,-0.9269321919197907,-0.41401031811407707,-0.8288344248213739,0.6795728055079425,-0.9278362169739685,-0.8781709014000068,-0.9145433816373041,-0.5102793588012019,0.8200721375935996,-0.9412342924000946,-0.8483630094423793,-0.87307073724345,-0.16810577148996833,1
-1.2410367191473044,0.5653403296287145,0.520164469131481,-1.913502224009893,-0.26484537676655845,0.5753387327827472,-0.6963433850123252,0.5178565172568612,-0.7081847570375128,-1.0222658514598422,-0.6844761963518244,-0.7386562243259617,0.6608287566793233,-0.5600085358995263,-1.100785841570669,-0.4509773705284461,-0.5603808017921963,1
0.2855092309803748,1.5412496368755868,1.5357080196055382,-2.156459367949827,-0.5227250628604692,1.4953258520688164,-0.7096801238466296,0.9211040144140588,-0.07941271786007513,-1.125292007574773,-0.4323318309717359,-0.952714874954984,0.6388058977647443,0.149405805253741,-1.3484419771730356,-0.33315198962422193,-1.074543051672079,1
-0.1928187604106789,0.2690918520604889,0.2256067088441177,-0.3471479852189129,-1.1141935617375591,0.24362725129912405,-0.946152487740207,0.9135774121685408,-0.5198845241637953,-0.9651410065089691,-0.7996198544393909,-1.0164951732990357,0.887561735971123,-0.33029352339993834,-1.0472308874195895,-0.7501072987578854,-1.089837689616203,1
-0.6091852325748519,-0.13841726843000507,-0.1691346787671551,0.31191247977450987,-1.0998283061157461,-0.1474094778117881,-0.8196368137785275,1.0864449085183512,-0.9706940163627628,-1.0421381336681559,-0.7820482217913209,-0.7922200164209637,0.9695319767926251,-1.0718089809160534,-1.1888897017765296,-0.7595236228990385,-0.7642586066906217,1
-0.5083740139296152,0.00023159197910675893,-0.03618712288031105,0.09547120730097457,-1.3561370049195418,-0.014213742065268826,-0.8313298854346732,0.965573649345469,-0.9373028610134627,-0.9800521882914662,-0.866344908024918,-0.7126745397762702,0.9513831218631313,-0.9969786934863594,-1.0675281969078194,-0.8561801830182808,-0.5954130440817653,1
-0.3853680364298759,0.4272696909046842,0.382086620358977,-0.1942224751960779,-1.0102225975824277,0.4029342493058174,-0.9717420520704994,1.0135121311115702,-0.9344992268500507,-0.7984113091195004,-0.7672077949796233,-1.1026988503725452,0.9535968171608457,-1.0031615632426518,-0.7855202264208879,-0.7091849397495869,-1.2338074783111976,1
-0.07755547103840169,0.6932859391586661,0.64935600879291,0.6217677741127439,-0.6109218262593159,0.6601131788074575,-1.0098667352664168,1.0060839110727606,-0.6472305268154461,-0.6617971201083954,-0.814761460246701,-0.8225776673203147,0.8427995297752854,-0.594550690277336,-0.6157135062170223,-0.8399621790207809,-0.83416763827291,1
-0.29422598428973895,0.2437505911579876,0.20070679868205002,0.57134734146918,-0.7210507360867602,0.22033815543236823,-1.0511842568967535,0.8971375888151126,-0.8149945895177817,-0.9373321612519708,-0.6886434103276545,-1.0289157705537262,0.8620528621850826,-0.8080383286597681,-1.004925927777968,-0.56809376330902,-1.112662682760557,1
-0.6187221443759966,-0.03262495268813301,-0.06781915272394785,0.3776478987436155,-0.8843790275851122,-0.04297774049200508,-1.0330789007875696,0.8442390302927221,-0.8830138427589274,-0.9771878463565227,-0.9630316285216375,-0.9156467101017911,1.0211994292982682,-0.8524278141011926,-1.0122464797239117,-0.9468229479168015,-0.8532230165119244,1
-0.7302391755066623,1.2627524611779386,1.2388284552427598,0.3590867658718464,-1.2951496404563623,1.2355971880749703,-1.0493084889952133,1.3035738627233615,-0.998541565356313,-0.35772121303564985,-1.0131491735708302,-1.092519804006717,1.098446876132812,-1.1271944263881017,-0.1512366805067417,-1.1585265309267339,-1.2424314075151517,1
1.8963593136473447,-0.12949138763072873,-0.1606179935246429,-1.3604336978703813,-0.7252924987022634,-0.07176654964121282,-0.9918603342821374,0.9527566788415669,-1.0711148918210482,-0.24021590276563787,-0.9238293911401777,-0.8549418346094056,0.8840424320437744,-1.2222415950289984,0.10334521369644675,-0.9775425680802455,-0.8473134176023579,1
-1.2482305678317387,-0.11907475391468907,-0.15067156092007403,-0.4049715200106881,-0.8237373570698001,-0.09610777084939916,-0.7733805765540064,1.1705006873617745,-0.9042850389543998,-1.1135570687418868,-0.9035628239783655,-0.5817123293356102,1.0227385074845388,-0.9744112607277088,-1.3048079753590118,-0.9675902201320042,-0.4507951345527591,1
0.22711864956216998,1.2924543502514616,1.270221775712126,-0.7697371774825651,-1.2837256131758652,1.2498858902774705,-0.7257394735682593,1.3373174316635992,-0.7906460248924464,-0.9227287683868659,-0.6569744705712371,-0.723573393606521,0.89822905763583,-0.8847929446877864,-1.0780896971991119,-0.7135009643221306,-0.7859316328908325,1
-0.07435760021965801,0.6391378069676878,0.5945350882417889,-0.9468206939692343,-1.2091298787870346,0.6067575701157343,-0.7246108574609074,1.1725932082131283,-0.9577556826538964,-0.8453950848214522,-0.7421907830582276,-0.3101144718622355,0.8297792015576735,-1.099604682311003,-0.9503526601588139,-0.8049972967805149,-0.17730302067432663,1
-0.0647091577017714,-0.1984581279443426,-0.2262722732580355,-0.016711189075834652,-1.3062384494456225,-0.21825432622995322,-0.9183273441187572,0.9850555434682373,-1.0034129100090323,-1.0676248081828394,-1.0028209123340601,-0.839794882542476,1.1148718877264314,-1.0741584711541732,-1.1832446704001265,-1.0381059634744243,-0.740667095354672,1
-0.0061209935796151,0.480856387558771,0.4355112777737204,0.9039198059215574,-1.1657377827082114,0.4504194842215421,-0.9859071504945925,1.1622246759654222,-0.6110277806858946,-0.8754318184019881,-0.6969545766013461,-0.8803511505500974,0.8683558008186847,-0.590093604988445,-0.9786786493396782,-0.7121337383327774,-0.960907174649249,1
0.12113438952321214,0.517303888049644,0.47196804711097673,0.4260649379363957,-1.0097247824800484,0.4860647147141369,-0.9793607844568879,0.975273967960236,-0.4359575663224854,-0.9045728040688166,-0.89779541897301,-0.9550711764551199,0.9257012733903105,-0.20723588947299695,-0.9544255798292998,-0.9250013923422704,-0.9977990036014256,1
0.10789249369419747,-0.10048666023957624,-0.13290289318532675,-0.40222719311484806,-0.8099472103666091,-0.1224270045654379,-0.8135514875197458,0.8231823573324625,-0.6323508845583865,-0.8414325342622713,-0.9369024123915681,-0.6301230096963693,0.8501636498919045,-0.4874634263444369,-0.8274787608904444,-0.9629252873223575,-0.4430460733170452,1
-0.3251451286584081,0.8692311877590019,0.8289614010528313,-0.12426226612269656,-0.6027589361003203,0.8368093925720519,-0.6903445386245952,1.034189025885646,-0.877181226452398,-0.8198052405738695,-0.7767243035067543,-0.7523728095685799,0.8820564295168871,-0.9383787494559108,-0.8532308849921728,-0.7716300571544983,-0.7214314473157005,1
1.719705591829461,-0.11015417151807727,-0.14214736794310934,-1.0643683698437656,-0.16284068904107923,-0.06759332234180698,-0.8501044465883909,0.7857034824355642,-0.6607453081082975,-0.9147177836014533,-0.7633475136782268,-0.835313628239711,0.79769782029162,-0.5423915439609792,-0.955333789090417,-0.671723068762284,-0.7866072314146676,1
1.4076023769225112,3.1064295622249416,3.3092675490240953,1.5025938387507118,-0.9541121766475005,3.0699107247022166,-0.965938172636534,1.6612486162249434,-0.8954549922285411,-0.9302334487442415,-1.0303656114622242,-0.8640476068319273,1.2331559961980219,-1.0106572604479995,-1.070390908553327,-1.2320586639665174,-0.953060026905894,1
-0.48678158722020953,-0.9415499377896498,-0.9117022617103598,0.46346254133448345,-0.7632672419507178,-0.9417926372382424,-1.1162230176501236,0.6109724522807976,-0.9571253718909276,-0.9999058808566985,-1.0559454746016304,-0.869760629136575,1.0289785499604158,-0.9136603663701562,-0.9823125818016096,-1.0287059286376177,-0.6598554590728921,1
-0.5138003814806896,-0.6117654323616369,-0.6124709178644577,0.2737360057138014,-1.0074841191973065,-0.616384167435969,-1.1836629125135554,0.6298890747295377,-0.9857902677891027,-0.7920615499874469,-1.1390076401244114,-1.011985144992018,1.0953077377708864,-0.9585547757040491,-0.5467213123038993,-1.1879766086212533,-0.9233297960972868,1
-0.7051409905665947,-0.17699254865360228,-0.2058748074751321,0.1451916461338498,-1.055585318981358,-0.18178124146128852,-0.9750894669297486,0.933763375238913,-0.7294257861077416,-0.7324476077227228,-1.0954734893202187,-0.8145940784430793,1.0256733392007942,-0.6179819270901513,-0.6141390914032138,-1.217609326195768,-0.7141346961241474,1
-0.6454175780482084,-0.16737526851136056,-0.1967251928047694,0.028793570860602007,-1.2005211320520626,-0.17460406167513223,-0.9721242653905628,0.7764699230789827,-1.0580834116273086,-1.0038107203696838,-0.9359493636528098,-0.8864761294148034,1.0157041046896123,-1.1486124688433137,-1.0430883386278822,-0.8685721828764504,-0.7759017015609666,1
-0.722695459067095,-0.22366816265351416,-0.25018502890533073,0.4631657913242298,-1.1501496767552501,-0.22698871073786897,-1.048410705475319,0.9184478240976035,-0.800284326235576,-0.9854082888980744,-0.9561614635350476,-0.8924571877034768,1.017336192764529,-0.7356199399815754,-1.0476087535077425,-0.9657130974022254,-0.8430603253780482,1
-0.196387758356249,-0.4760281399680568,-0.48700839846347166,0.3542522754326111,-0.865589309868247,-0.4900938642204869,-0.8985684434734796,0.6495696380940162,-1.0325985032471767,-0.9037836426760747,-0.8011799551144644,-0.9915387154931109,0.8769736898571201,-1.1038649570353902,-0.861731257220663,-0.6149577574611632,-0.9673256078426725,1
-0.8005771050773582,-0.6205424550142713,-0.6205373717259467,-0.45843170812276807,-0.9601975412260009,-0.6139297762939949,-0.9626567019963769,0.4775953774223787,-0.8927997989701918,-0.9025862928047691,-0.9906203016245974,-0.8394636641255523,0.8831212764888661,-0.7851841970191012,-0.7858003310700697,-0.8905082576524174,-0.5975281619579539,1
0.44689226485528555,-1.4642892668814749,-1.3697857740048986,-0.577046886986181,-0.6935042407991073,-1.4623809773268301,-1.1028606563889283,0.4076861449055408,-0.9814413428968889,-0.8858676355539862,-0.9459397713690271,-0.9558920507130799,0.8694193711213479,-0.9407142550355788,-0.7240488189287528,-0.7632033465424684,-0.7977524933021226,1
0.10482917996382764,1.0207820481144303,0.9854720653728973,-0.4673466610850899,-1.0181417200976395,0.981947119252681,-0.9857941307656936,1.3990218806685593,-0.8904104611499333,-0.9191965811610102,-0.8902188476646352,-0.6856605841879858,1.0508253053658072,-0.99581884690073,-1.0464224859751192,-1.0113832069575217,-0.6880576514195067,1
0.028413591642494587,0.16320617514918898,0.12187569329964618,-0.7823291667756456,-0.7813933551005523,0.1374139539333208,-0.9088429882330004,1.015195053867888,-1.0715241431578968,-0.7283650437083723,-1.0058096702059303,-0.804761005005739,1.0484997020064812,-1.2063106190924773,-0.6319164225599838,-1.0769071414673104,-0.7220684079342244,1
-0.33412027146914464,0.30815109407023866,0.26407727166565187,-0.05674980091164555,-0.9655781593941635,0.28453742371773166,-0.8986919095372575,0.871791128810957,-1.0679041697890677,-0.7963288776905155,-0.8268471639781951,-0.7568653808703133,0.8923786413659861,-1.2034883450828076,-0.7538672582292969,-0.7740483579213708,-0.6524956939214858,1
-0.20289137331467827,-0.02786931415158105,-0.06324561560038743,0.6224707311295894,-1.0626717291834304,-0.048667310157867044,-1.0236236221475308,1.065964754443951,-1.0131449592400783,-1.1841882822766643,-0.9480916703818412,-0.87913672166641,1.1363276806124385,-1.1022397959952444,-1.3933281082069089,-0.9611215684351677,-0.8301115045603222,1
0.03529330444943603,-0.24453008888515404,-0.26993842886865,0.3501178926093618,-0.7592554804047922,-0.2641985361425922,-1.166352063837144,0.9611275014203403,-0.5560255829193382,-0.8675342235818259,-1.140718687819018,-0.777113762378812,1.0531177865247943,-0.32388391147011736,-0.8463305137561051,-1.2983944344762441,-0.6505467073488804,1
-0.4518206760521517,-0.7406220482670525,-0.730332201237376,0.4919533755546505,-0.5886503307467009,-0.7450640225506387,-1.0346406122455885,0.4676369058206742,-0.825626798436818,-0.9144671333608035,-0.8655361830400538,-1.0458186858470864,0.8318065788987945,-0.6697386418438517,-0.8251211932294158,-0.6534567503540218,-1.01629308478239,1
-0.09899322255783893,-0.7702791599388522,-0.7572875048892956,-0.3261231368219929,-0.9155541920463653,-0.7811069449333705,-0.9094116925805722,0.4846622991307407,-0.7953734909705724,-1.0742977244523715,-0.8385608041945917,-0.8966165322279852,0.8124105916514441,-0.6284066015532545,-1.148215872332938,-0.6215057971978059,-0.7466322432198228,1
-1.335709555731692,0.5004939421812857,0.4551418070731528,-0.7169764039162649,-1.3760447346212532,0.5178211802071857,-1.0775426136635513,0.9541915695529549,-0.30296725970929206,-0.9857783172499753,-1.0256579576166145,-0.9893635973605941,1.0043609781544443,0.07487173633933555,-1.0605967833480574,-1.1067483475768212,-1.0220069510067475,1
0.7918799335063674,0.5173383743983786,0.4720025880388068,-0.7591217447606871,-1.228250483547476,0.4973227903637729,-1.0969215434308446,1.2995219245880094,-0.5382311099064538,-1.0647219184630192,-1.1153908017629972,-0.8685044623412582,1.1831278014487157,-0.3897655041730714,-1.2206250479130683,-1.300762915496801,-0.8745937590610382,1
2.108600593617224,3.895047103567475,4.270463953641357,2.9473834195922524,-0.45695651595873443,3.8887543618955114,-1.1470784040709887,1.369468719417513,-1.1355681320285287,-1.0596699262642701,-0.8891149090135699,-1.1182208522853831,1.2185388633504664,-1.3282577210776572,-1.2174009489789535,-0.9369729136097167,-1.2696863682177104,1
-0.9607539804113001,-0.993488895943622,-0.9581074082158445,-0.38211342208022925,-1.1205575557812621,-0.9723653810701636,-1.0948501640316073,0.8248466265681805,-1.0364525048265791,-0.9480052134841895,-1.052742833293093,-0.855559532264815,1.0903956360718439,-1.1048321877624128,-0.9333968929744183,-1.0833326812697208,-0.7098610607991139,1
-0.4554964111636102,-0.6269458569093987,-0.6264188287198065,-0.942767732281962,-1.0325291155110576,-0.6330672364758182,-1.0210363396734434,1.0103175885639322,-0.8735992034916678,-1.0055897498793955,-0.9487950217281089,-0.9525180899730213,1.071527444205678,-0.8708201678570008,-1.0909625426211085,-0.9665445727773132,-0.9565802431096697,1
-0.7451163914226612,-1.2025391193537407,-1.1428979311801613,-0.05947478052359151,-0.8148694620740513,-1.1887488676111,-1.0154365333690067,0.5604227833746146,-0.6976761877730335,-1.023205051366134,-0.8417600537610772,-0.9642619009504609,0.8294814769340152,-0.4769077203737178,-1.0678277748247387,-0.6660269604462438,-0.9005654071577844,1
-1.1853419647338537,-1.1235862042008125,-1.0734812747912956,1.099653944096322,-0.9099531817247991,-1.0861930984577113,-1.1690585475961006,0.5245650130937125,-0.8432590495146414,-0.9456449618564104,-1.034140168900304,-1.0439042370392004,0.9936238422087394,-0.6650317402503756,-0.8520509955743,-0.9578927096676085,-0.9804035508479731,1
-0.9566953265474989,-0.12598438530965766,-0.15727017765691703,1.0376214314927747,-1.0376233910371981,-0.12009708917287087,-1.137950908302487,0.8839979633570408,-0.888527740580187,-0.867373289040598,-0.865100506285176,-1.0267226529138578,0.9684960868044241,-0.8900458754497272,-0.8492637140779481,-0.809483406718,-1.074797823569553,1
0.03675953934656325,-0.8789328105408575,-0.8554954687665073,0.779794615159766,-0.9392060406542085,-0.8890426375158591,-1.1878849714711293,0.6008983538899597,-0.7627580355223841,-0.9148510067099204,-0.9314840674742847,-1.0536799214958743,0.9180649046116809,-0.5763375242842866,-0.8486584337298106,-0.8185198887490409,-1.0507379622319781,1
-1.461677373722767,-1.2740433757394014,-1.2053738939430418,-0.06165436189431368,-1.1598517469065932,-1.2127106880078755,-1.2416135110153699,0.2985607102432859,-1.0681682184530539,-1.0094688768176272,-0.9633709381052604,-1.0902096870157907,0.9350856791551824,-1.0740273311359392,-0.9151518111214635,-0.6968789922058091,-1.0069401055207978,1
-0.005632833173674123,-1.2074370139613517,-1.147189284415075,-0.38061334983849915,-0.8951222125885923,-1.212403060149413,-1.0362459227493046,0.6271652515693112,-1.0846107278100814,-0.9748523210722259,-0.8095892079851784,-0.9677582603813226,0.8959123350102879,-1.1903126423677695,-0.9788167366387989,-0.6061772121316248,-0.9087261204189594,1
-0.14942755133923066,-0.16491840266836122,-0.19438671841028635,0.7909118104501632,-0.798319843891644,-0.18435643939148305,-1.010939135620218,0.6157899639142049,-0.8596773015130419,-1.016684579667689,-0.9801062183566724,-0.9092247930321629,0.9656980546007496,-0.7471537220727792,-1.034556971409121,-0.9013404402222251,-0.766532530278359,1
-0.217299969689045,-0.7673979984511031,-0.7546716305066222,-0.4497946037815483,-0.8834657592357887,-0.7766901414132168,-1.0343824239431498,0.4042112041609423,-0.890133422006298,-0.8642187413339609,-0.9334341911930932,-1.0071322422495266,0.8476867761742841,-0.7617649714006433,-0.6873107297238108,-0.7457819723570486,-0.9083582121257481,1
-0.4696285135381642,-0.6260030636249139,-0.6255530704965884,-0.4541258136000799,-0.8533146808213,-0.6317327474904072,-1.0248013274720218,0.5838581417784088,-0.9137792897377967,-0.8045839602410646,-0.9968754432272349,-0.8411430322818252,0.9066379123792953,-0.858036119690439,-0.6347936054519889,-0.9453355781737962,-0.648848297484681,1
-0.13124564456105256,-0.3527257193320002,-0.371876525495211,0.7209045365344138,-0.7457877670946768,-0.3695305071410653,-1.0452022733716335,0.8040276298211663,-0.9405798881270215,-0.9649002933890239,-0.9372144895388151,-0.7721309982040602,0.9622430478748303,-0.9584917039767189,-0.9955726085241475,-0.9067804643488764,-0.6107941318863983,1
-0.037664190964713705,-0.3776304035573816,-0.3952201443751456,1.4913131085864504,-0.7640930340029384,-0.394922706501661,-1.159595539708054,1.0341350881840015,-0.7313702858967744,-0.9408470702783582,-1.1103446282439333,-1.0675666334844323,1.180885265697465,-0.5989650632844029,-0.9567203044856624,-1.2290846414055199,-1.12747233834917,1
-0.6285759073478944,0.16258864779388787,0.12127312663177602,1.0161877768587808,-1.1508043534600183,0.14945417710517045,-1.0525315872821859,1.1815117144505605,-0.7927531544280604,-0.8223936573966636,-0.8933943073542467,-0.956082998982999,1.0242345865741054,-0.8056399680671772,-0.8529778968946956,-0.9544188401353608,-1.027141080100398,1
0.3932509922223088,0.16602598268341962,0.12462753894354453,0.23908051012447848,-1.1671936784681392,0.14214231676688519,-1.0186498727256923,1.1130099665424198,-0.8958717285009398,-0.5255208439801271,-0.912612582556886,-0.9965740888395822,0.9833075761779615,-0.9583443420975978,-0.37998586723101996,-0.9776140930415874,-1.0833688932697272,1
-1.160544371240952,1.7488464758069402,1.7606816508650383,-1.1398399907594003,-0.6834647161085636,1.7332099686143034,-0.9065469592624472,1.3112202978925747,-1.0168988836374135,-0.5355408262095243,-0.8291019987656366,-0.8639584984318904,0.9776950920283562,-1.1768492680759406,-0.4893206643966605,-0.9192722666906262,-0.9424765433851352,1
0.7623581875124491,1.7661942133248159,1.7796235557014612,-2.26445513075965,-0.3110889778412147,1.7255685806974632,-0.9136483765320161,1.333277949875468,-0.9817006110375122,-0.8204546323570918,-0.8068822276030773,-0.9141550827852106,1.0311125565589423,-1.119729711424629,-0.8916463519703619,-0.8703066384698133,-1.0030287232341222,1
0.48620581597525786,0.8242371160071121,0.7828167984180682,0.5726459951646977,-0.6932410729247993,0.7917897727008653,-0.9028050712923101,0.8317779527120934,-0.8676018964022101,-0.9349027322193041,-0.9560945600473295,-0.7822265341757594,0.9652641602875981,-0.8393151810640697,-0.9502022905945438,-0.9518854325361275,-0.6403961186783368,1
-0.7565065111948437,-0.8672494382063798,-0.8449765569987793,0.11233660399543587,-0.8078646114469291,-0.8585237351842754,-1.138809328691023,0.8387644436360898,-0.6584928314029759,-0.7853425593816469,-1.0868533651758066,-0.9692796988987707,1.0312971322310724,-0.4502911678737641,-0.6631721288382183,-1.1718150416675752,-0.9418675129986421,1
-0.5344428843468007,-0.43322629763793913,-0.4471682444849827,0.7201879776444592,-1.0508178985825631,-0.4400202808589121,-1.102580960637505,0.6478760360068558,-0.8033116363864092,-0.7251863532046301,-0.9589894644308509,-0.958214934307532,0.8912797890952948,-0.6841450872814121,-0.5265813129736332,-0.9080814041270688,-0.9013601317889706,1
-0.6689065943835708,-0.03516782518539764,-0.07026397860194622,-0.623785672042153,-1.126347456584355,-0.04365726434282577,-0.9792855627631049,0.8777442490666294,-0.7799691417879558,-0.7365136781201377,-0.9477342298810947,-0.862076963474882,0.9320628165714152,-0.7184162050271905,-0.6387752247093497,-0.9692912791629774,-0.8103491050603876,1
-0.2775550735583749,0.2542534475753154,0.21102105991428938,-0.6851463643517727,-1.1891285931319868,0.2303723542910406,-1.0425567037933265,1.1537311207387628,-0.8128153657499275,-1.050981552261289,-0.9577167516873931,-0.9336627737703788,1.1078276925726176,-0.8018239914734187,-1.187833389160917,-1.0193653995945633,-0.9580894795702991,1
-0.6846993984534454,0.2703304843336903,0.2268249674666721,0.13040146474698358,-1.3040866228426249,0.2574975352238002,-0.9754575640689814,1.1154848489114566,-0.6872698659788219,-0.963127795672256,-1.0321093048051688,-0.8584505461984202,1.0863613381342827,-0.594614471917611,-1.0410663892403087,-1.1410393581260343,-0.8324860180313403,1
-0.26892821797600247,0.3799070920210194,0.33504132582025437,0.03346075557177147,-1.2152009440124802,0.3539489241747243,-0.9742879570882166,1.4944455643945216,-0.6627680075249358,-1.083202223720852,-0.9561342579966792,-0.8821782400003075,1.1502375145457011,-0.6625745791963279,-1.2815968830076694,-1.1043955462702735,-0.9618356365068671,1
-0.8341206215362967,1.0561728899663445,1.022262034878825,0.025621143148125768,-1.188493049838505,1.0364835768376044,-1.0649789269287115,1.3848617879568457,-0.966298937827998,-0.8860108991515286,-0.982501052894407,-0.8184324500781708,1.1406421621892804,-1.0842082967014692,-0.9698031841721262,-1.1187289545884633,-0.8402309344806749,1
1.0936092837985678,-0.18531788610664604,-0.21378986463897415,-0.9511064698170514,-0.5348995115295914,-0.1815815880308528,-1.064544568470955,1.1107846139466144,-0.9561341032183404,-0.8751915545649668,-1.193689321130425,-0.7793560068543304,1.2124411029012183,-0.9990122601031858,-0.8554780676712671,-1.3906758868363736,-0.6488509095522219,1
-2.6514394526477556,0.0607639718454118,0.02229513443779057,1.9609553581868562,-0.24706443627978755,0.21882508865913425,-0.9049262500384657,0.9437171340885389,-0.4957130362583541,-0.6948945737374352,-0.891326573759141,-0.8337556109744608,0.8526525990453103,-0.32788688902782687,-0.6360792806115106,-0.9336881564355013,-0.8237841624965903,1
0.6832868005050735,0.7130924651249959,0.6694619633884294,0.4346523410788864,-0.779911339591433,0.6867675337794267,-0.8707339949941255,0.9139019307734693,-0.7994776291575916,-0.9481559021932705,-0.9234348273872263,-0.8469609921427383,0.973750608476786,-0.7484084371856532,-0.9946555846072946,-0.9236379338316459,-0.7823819167663183,1
-0.13015878676775536,0.7002205353211282,0.656392189880611,0.7647238491132096,-0.7361777121490161,0.6674389917114486,-0.8801639874526578,1.1560155217189545,-1.0057755933159647,-0.9590369937714762,-1.092196045615748,-0.7698889062916103,1.1764154328537824,-1.0988564297484738,-1.0210464162106196,-1.229569720867962,-0.6674835291890898,1
0.5372903890034061,1.0181436459038806,0.9827330108905418,0.19844027597356903,-0.9319720919031719,0.9836808779970456,-0.9036541566260747,1.4266916708226356,-0.98239647412357,-0.8289127971001502,-1.0314922916269627,-0.9460577566152334,1.2022608929788745,-1.1034969424558745,-0.8753005737927818,-1.1888330671022205,-1.0229336458552782,1
0.6470991737338925,-0.07162771211528074,-0.10526628927509092,0.10146786853642262,-1.0268223002037018,-0.08666315494149032,-0.9102366765297203,0.7430154297046495,-0.9979899319260563,-0.7067239056216849,-0.8235474780583502,-0.8012592627363421,0.8275540862084456,-1.0755757165360644,-0.5756100511701805,-0.7372463374135872,-0.6971191194038588,1
0.14407143032449854,0.23321624903907257,0.1903696861337114,1.0325587132282925,-1.0043062250216186,0.2062935730935627,-0.93225463202008,1.0415914861821587,-0.8729652169199423,-1.0527418499216588,-0.9712573656451187,-0.8637659681371802,1.0835636301361462,-0.8750750272985623,-1.1747412440977123,-1.0129473880054214,-0.8155533974007657,1
0.8769159578848146,0.23112488721380647,0.1883184413121942,0.3227467746230004,-0.7993489006722132,0.21865103133946456,-0.9760146562906317,1.130708395958998,-0.6502515986296639,-0.9644543492178168,-0.8498725618081476,-0.8245223349448645,0.9594936572000151,-0.5958289811685624,-1.0790365377646338,-0.892719160756956,-0.8340664091489481,1
-0.03825291900066981,0.7339098826223069,0.6906248835607838,-0.3265568033068552,-0.9123676217503153,0.6998366363012344,-1.0084154768066917,0.842682505029229,-0.6799404289169558,-0.7161962650543475,-0.9459098504266702,-0.9366101464242473,0.9152645959989325,-0.5439918369862875,-0.5963129359961451,-0.9589496768012566,-0.9278875407906285,1
1.756472031689452,-0.29687871617960937,-0.3193659003681879,-1.3687340925827272,-0.3668037972279561,-0.24759167637402862,-1.0331676878227403,0.5328621091656948,-0.3330068350199734,-0.7720959542335675,-0.9425047144637411,-1.1407084280307687,0.8048372481051509,0.1986631349216962,-0.5958031734888892,-0.8596573670388057,-1.2233481871147356,1
1.771838385843401,3.1467574116503725,3.3573218802732234,1.260902497014566,-0.8744282767556124,3.1308697945569413,-1.245851074428243,1.4826658988151524,-1.0052801853137259,-0.8749814514363542,-1.0796036628305716,-1.0776992414003181,1.2935894684559672,-1.130839923342066,-0.9340961313548654,-1.255092138253911,-1.2123730654010092,1
-0.9295488584161372,-0.8618461332604741,-0.8401084281044565,0.12230676502436677,-0.7764681174356652,-0.8447170279359988,-1.119482464715004,0.6407871557876803,-0.7601582289457934,-0.8260416564595946,-0.9688613128480505,-1.0063155388890046,0.9240018670300013,-0.5880189679828325,-0.6952078627060779,-0.9092746760666112,-0.9747169926802256,1
-0.6374107328573836,0.013522166041212801,-0.023369537593034215,1.032607030372968,-0.8003035117624688,0.003092179102028576,-0.9669884454895087,0.8804600764732786,-0.767360415750647,-0.4786310783127245,-1.0109327039889475,-0.6712086137232671,0.8712082649150896,-0.7222559892391157,-0.24404590579332988,-1.1034137221215823,-0.528851925308457,1
-0.4397660192175165,-0.7337854342601257,-0.7241093290252965,1.155546946689446,-0.7345349808075737,-0.7386740091544791,-1.0223094986929362,0.7090779954015455,-0.9031872026981509,-0.737228551082628,-1.1035553381466958,-0.789853479562544,0.9943254368283941,-0.8533428753032477,-0.5297434718464532,-1.1731441747915807,-0.577081489597053,1
-0.50028714021686,-1.2921986734197737,-1.221177592903658,0.14065156983617652,-1.0195467071849031,-1.2864608784207516,-1.1133385673969611,0.4771393833472625,-1.01389874777246,-1.0293429193333754,-1.0573133187335404,-0.9425086462888732,1.0290536200227356,-0.9871779652613231,-0.9983148733663477,-0.9715001217371024,-0.737244346392574,1
-1.009411123151975,-0.7319469061660345,-0.722435269969037,-0.183798790930211,-0.9419494963370645,-0.7126638045840337,-0.9600256377465236,0.6409186021019414,-0.8112954169492055,-0.8143771354638434,-0.9842771147128319,-0.7011076756193192,0.8634689406143932,-0.7068399535052656,-0.700082585112361,-0.965340542392085,-0.4482720064581572,1
-0.4125006345542798,-0.6076630925611975,-0.6086987708708433,0.17279513090764165,-0.76225685101495,-0.6152592974233161,-0.8711586187314662,0.8255294211927102,-0.687877919478367,-0.5362989657177335,-1.0168576648364653,-0.8607442747983416,0.8999948225756679,-0.5566770132223261,-0.28890497860207237,-1.0841657645204112,-0.8004132192441104,1
-1.225223854224972,-0.35155890616177615,-0.3707817424125332,-0.03665442666517011,-1.1171435061334398,-0.32582171651845365,-1.115141037868922,0.623448025564873,-0.719941120023873,-0.6768098619031543,-1.1556765125338064,-0.9635100817181772,1.0006087776551167,-0.46794840624166006,-0.3613916054423318,-1.2475592986883388,-0.8596772326373595,1
0.2772490456777719,-0.9151811236919326,-0.8880677172628624,-0.8125651387572269,-0.9920761181024201,-0.9240236072024481,-1.0808167013295538,0.6373720935858674,-0.7795487899295082,-0.8289081738053397,-1.0230448485409949,-0.8720033287079035,0.9310638657344438,-0.619298993247893,-0.6959867810761664,-1.0108594924149894,-0.7222853381897726,1
0.7439441321380597,2.1952144298747536,2.255041125979799,0.6247280096440201,-0.8927642589071373,2.147359765363596,-1.0407071066438707,1.3458904403305856,-0.837377071812509,-1.1234741832114188,-1.0001827863052548,-1.0054649740019372,1.2192215253217245,-0.8600971291487985,-1.3148907504231875,-1.1119761598406572,-1.0899869330246443,1
-0.49275135330573727,-0.04128694482238507,-0.0761452308474883,-0.11908652882310436,-0.9747329940028566,-0.055536858561775364,-1.1412964331072373,1.0221653754804327,-0.8096727894598889,-1.1283824714414699,-1.056770774472356,-0.8688031946405637,1.1469651075450185,-0.7421740290467728,-1.2902157404414927,-1.137708603749522,-0.7923290007254957,1
-0.3133270218048279,-0.41538387386000325,-0.4305210359297076,-0.36554159480238263,-0.8364368583431285,-0.4282865860186568,-1.0450052933374572,0.6122749295181912,-0.9068810855577332,-0.6674868281874,-0.9565230606601663,-0.8935584407313244,0.8672500428743694,-0.8678527390924393,-0.41253489094158236,-0.8972316635346677,-0.7784634408065793,1
-0.8136854584114607,-0.22875580089031336,-0.2550052507726232,-0.3236394963709702,-1.0943156072694327,-0.22808005636905804,-0.9892716797313913,0.8253455584247777,-1.0152087281350073,-0.4147000630074824,-0.9154085672492408,-0.880021080071603,0.8717895073083927,-1.1121634158209024,-0.1016596329725429,-0.9168624335577599,-0.8441580343973418,1
-0.51544102595522,-0.17545982983493102,-0.2044170723029934,0.04861178016341061,-0.995225516058856,-0.1869234831198445,-1.0267490091571796,1.0256560345080028,-1.1240798343829694,-0.9699989323171507,-1.0351698876823334,-0.91189083765843,1.1692167488915768,-1.2803311637879513,-1.0088845563099489,-1.0924404707831976,-0.8594978659682116,1
-0.7197370409141179,-0.5204579230112272,-0.5282227322523279,-0.4957322518653784,-0.8299585142654535,-0.5190392514265504,-1.0367734847014662,0.8153100314615377,-0.8900458861241739,-1.0338552473481204,-1.0320355351956645,-0.8958913113856362,1.0740205432480256,-0.8394654248418795,-1.0940635728256198,-1.0456498989381169,-0.7857825063635409,1
-0.38364585503611487,-0.7120813118673595,-0.7043310914209969,-0.44229217869124887,-0.7829653248874611,-0.7187883745859494,-1.0588418021920047,0.9476189089253554,-0.7383248983888769,-0.7588420730364918,-0.9794910876578528,-0.8350418627900386,0.9642930386427915,-0.6631403249638944,-0.6914374418896009,-1.0383150318535375,-0.7802388712080409,1
-1.016428961270695,0.3389930404002929,0.2945328820024004,-0.775821555387046,-0.8069560330609477,0.34001543533738965,-1.0646886406538507,0.896646696638637,-0.7955872694099837,-0.846494329697875,-1.0452467347849812,-0.918975103068336,1.046947429771955,-0.7088855732500559,-0.7891155334393795,-1.1085692205215083,-0.8691821158952222,1
0.9673586945507505,-0.2245515641952624,-0.251022132336792,-2.2867693963458304,-0.08326384612239852,-0.22596951030001358,-0.831872237802824,0.8778991568176988,-0.9857033077739015,-0.6943202529074186,-0.9001904725591587,-0.9079518294126212,0.9403260800684505,-1.059119201706038,-0.5634735436688432,-0.8820375335471614,-0.8834087887193748,1
-1.9203655458689655,-0.0531333309893153,-0.0875233655812886,1.292659904210213,-0.31765317846423524,0.02373024684363333,-0.9213893893468508,1.1798955854697866,-0.9752850958475029,-0.9622434956609774,-0.8183645769700583,-1.116200211638753,1.076192978998961,-1.0741920632484327,-1.0572185885577132,-0.808686758568397,-1.2611322434053072,1
0.7455972041321077,0.6715778216115057,0.6273525281611865,0.40256310418943225,-1.0019583885740657,0.6476781442452135,-0.9713464479292476,1.2053193550494392,-0.5401190655220514,-0.9267436386235106,-0.9105090621724967,-0.9160573002305455,1.0098261158214672,-0.43603273773274137,-1.024995618089352,-0.9958614635830149,-0.9776156012925625,1
0.2073347747413954,0.5429221407906955,0.4976507078060568,-0.38293549957185696,-0.965118096215009,0.5115572279225493,-0.9327119463609133,1.2530527886500595,-0.6384420698799215,-0.9633824199306291,-0.8508313616322796,-0.9704563344683101,1.0217977941415333,-0.5968528580140126,-1.088344242699963,-0.9132640992343625,-1.067922973611041,1
0.30649418132287065,0.6296521923592756,0.584953592736051,-0.9391811458928435,-0.893061588897283,0.597704132410013,-1.025632497404364,1.1860396446610821,-0.7887399817951047,-1.130904874954425,-0.9137009082092843,-1.0191536140436737,1.1206361524491173,-0.7688781186412452,-1.3204270522153854,-0.9514335144800962,-1.0993274592788087,1
0.26270403027616007,0.2945030951694004,0.2506223402474231,-0.5663941059675682,-1.2425699533272803,0.26724313585379983,-1.0629905124708954,1.1364862917827228,-0.6928468357938468,-0.9677745050094461,-1.0958490092134574,-0.8953106638327747,1.1470817138620104,-0.5870682586263462,-1.0383682327789678,-1.2387772043157852,-0.877420515991905,1
0.46758682139899466,0.555008900398714,0.5097844486022246,-0.04607754862332831,-1.144200119723866,0.5263562214469305,-0.9777919742864295,1.0819467880074127,-0.8909155964495702,-0.829811449405744,-0.9571517656038334,-0.875316292058826,1.03984030601452,-0.9275339159381253,-0.8278799648827628,-1.018923032460763,-0.8652711362257658,1
0.8453234526441438,0.03966975992211085,0.001885055034037285,0.0462025869418202,-0.6461361960937169,0.029120700737541815,-0.9311563708089556,1.035816763190556,-0.9594830060905368,-0.9570000872507981,-0.9575097660246676,-0.8422432964585849,1.0615489805875278,-1.0225654937982938,-1.0177012791249846,-0.9950819937740063,-0.7865324227628545,1
-0.24119518193336498,0.09512549493249356,0.05561161792407156,-0.2790280204394644,-0.6606705099402946,0.07305044989359802,-0.9293822035333755,0.6938097360825255,-0.7880770485986495,-1.0477524049460614,-0.8736734844875409,-1.004900108610889,0.9321858250340436,-0.6594751882706692,-1.1230608482237034,-0.7482523117296273,-0.9882875405782839,1
1.103892212099917,-0.05253600076498646,-0.08694989065061322,-0.1605055183573113,-0.43772601883828005,-0.05054357804810436,-1.0810084656418506,0.7408752560545021,-0.6372755749000565,-0.9808921301249188,-0.8586257747047893,-1.0964833108320464,0.9154281001227,-0.4209277516579825,-1.0190688461950166,-0.7534251009210273,-1.170213957872021,1
0.30558235971814596,0.6339447683503229,0.5892887465811937,0.582626293244271,-1.198080114268616,0.6019229756341672,-1.1315702689560827,1.1175279417212656,-0.8699543046558497,-0.7889770857740687,-1.061001821858153,-1.0328166053284036,1.1460336799639415,-0.8730513411295263,-0.7338328938038093,-1.17338991547691,-1.0980960008384795,1
-0.6032039190803272,-0.00992022858739231,-0.0459689924888844,0.3918328707528244,-1.3404368852279867,-0.021174441344036843,-1.0838975940129325,1.037495089316165,-0.9749783456761595,-1.058574972945438,-0.8873672071275904,-1.0209697913345972,1.0854411963914552,-1.0432014510843697,-1.1834385133580227,-0.8633235837926657,-1.0741777029879136,1
-0.38240450977008805,0.7920503667093848,0.7498974613184766,0.5243881966441541,-1.1986312091744187,0.7620085900732948,-0.8960213267212095,1.0896387709567086,-0.767451184836506,-0.9708920779048188,-0.7975441977474601,-0.7777448013144406,0.9275329874259621,-0.7723643573971455,-1.0879262808798726,-0.8067858965336888,-0.7614523247328339,1
-0.5694375040182997,0.9629016179843259,0.9254999773149952,0.24180094339197392,-0.8361886174205857,0.9351131387451871,-0.711615543365642,1.266796614376929,-0.9967430591382365,-0.9400335587856827,-0.9053439284876666,-0.7472404567769094,1.0652393555132047,-1.1246809605959787,-1.0449030969896858,-0.9869512263560477,-0.7229467718706423,1
-0.2837528828584099,0.9502566195179647,0.9124304899053001,-0.5656817815680196,-0.9059937534819974,0.9158294404856877,-0.7024353347944159,1.313200282509068,-1.0523522430040166,-0.9238725337949857,-0.8353720066551044,-0.6587503369287511,1.0199853191046793,-1.2214755552476315,-1.0426639673137579,-0.9115797934866603,-0.6305774440830004,1
-0.13604644846832353,-0.11791974661930289,-0.14956820338170385,-0.4929631645767374,-1.1401528844365092,-0.13823102279120378,-0.9672162689613165,0.7643832293647458,-1.1244266229063415,-1.1807053554380342,-0.9048132207977387,-0.8436103499139029,1.0353170331947947,-1.2643172391343027,-1.3637978203782848,-0.7939922881392835,-0.6841785692936501,1
-0.25616823575059966,-0.9381396221568817,-0.9086484237737993,-0.3249126188882319,-0.9024589284035097,-0.9441369031990674,-1.1250267923344848,0.5446880189340331,-1.1133686648932963,-1.069358949927383,-0.8073228113399353,-0.9898595808894866,0.8999695373423464,-1.2290156230940332,-1.1335889705855324,-0.5455894233540513,-0.9151068393256236,1
-0.6013563736763275,0.06916305285994566,0.03043083389943198,-0.13830482081899054,-0.7920875323842076,0.05658290591370822,-1.057319885978381,1.0411289564980442,-0.7315714155263243,-0.9618086822518834,-0.9241789823104004,-1.000998275742448,1.0377823145458165,-0.6579906856379157,-1.0333898126444165,-0.9486548375434727,-1.055837895215407,1
1.115632192553601,-0.6738324368160766,-0.6693926826687476,-1.0351267124956718,-0.668200969708516,-0.6606544552583619,-1.0097762082466337,0.7930059889512686,-0.7870537586728941,-0.8910908993381387,-0.8857804940421546,-0.8182156400918484,0.8899596879222884,-0.7147644416861574,-0.886322063687649,-0.8414224482467813,-0.7192490584707603,1
-1.4901248175034074,0.4360626834049142,0.3908386830135359,-0.38343907108798697,-0.591015601075448,0.4655703384336432,-0.8404674627516027,1.175280481761642,-0.4013179805905311,-0.9491686479756669,-0.975557496097718,-0.8624717251687694,1.0109286163947193,-0.2104811238043574,-1.052266211096772,-1.090059271458986,-0.8870197868358283,1
0.2452891983500177,0.8060041458450012,0.7641595725240787,-0.024096781410040284,-0.8459493819847036,0.770891180216592,-1.0654064195253394,1.161313710133132,-0.7486786667165839,-0.8222795597485728,-0.9851558589696879,-0.836624208733889,1.0416930216881863,-0.7253371334144961,-0.8405247414005996,-1.0908325994043173,-0.8310665461496601,1
0.21044039974406747,0.49923282397647434,0.45388029622769027,0.1919352059187145,-1.1823321525807764,0.46854293847156553,-1.1168522357176303,1.1273055414305915,-1.0829658288989275,-0.7281876747347432,-1.0152915748027975,-0.9525963116744046,1.1229748228683585,-1.2298031587219604,-0.6452508214450263,-1.104075994936307,-0.9759902427345872,1
0.3267096402250667,0.39648890342090676,0.3514934639686823,0.35253367310508543,-0.8842470739194989,0.3682782974410888,-0.7114634369679915,1.0863279813822548,-0.4982475805375163,-0.3840706111061257,-0.8676681645996392,-0.4127526755103006,0.7426764776834313,-0.4617873975153394,-0.30188690393142736,-0.9989465142087257,-0.33296475506228335,1
-0.09271947124273044,-0.15199824220983343,-0.1820819208508065,0.44498151174635203,-0.5960287609436238,-0.17225019319772666,-0.6160252434383661,0.6431286623695073,-0.7989541263700644,-0.5341699495325094,-0.7056169852015768,-0.6115341836117794,0.6166152368423478,-0.7867328557825193,-0.35743225123566524,-0.6038938330613235,-0.4544961304053436,1
-0.39902216508990207,0.05565004883769948,0.01734409187639628,0.1560183450343412,-0.7865722528083625,0.037394958076438674,-0.845128410559863,0.8923541788141138,-0.8228707683987204,-0.7989629826587126,-0.7469360047797299,-0.8273765861000805,0.8246937825512193,-0.8320895209754408,-0.7935760420466753,-0.6852512487073951,-0.8058234987175064,1
0.049585354561992916,0.33252828830481895,0.2881433714401866,-0.2242875303000201,-0.9816646600831199,0.3041222438702798,-0.8529479470016181,1.2783910961361076,-0.9148143282785363,-0.9510631547326209,-1.0821997007531148,-0.4827620835891312,1.1066933412508193,-0.9934673039132699,-1.0540289260784683,-1.260797047545384,-0.3062384204487711,1
-0.10022964919946878,0.7931771652476987,0.7510486320993179,-0.3051446707509812,-0.9910130995666182,0.7586910096488202,-0.7996726820391928,1.2198441921324397,-1.036597813542148,-0.9550359044757536,-1.1020076263231127,-0.45111275264692274,1.1218428405823304,-1.168748837369087,-1.0433701402501054,-1.275865364511331,-0.2159232508245166,1
1.8217074583327257,-0.35263380883323986,-0.371790292442207,-0.6150654061179223,-0.45783556690387434,-0.29672288846083417,-0.9024060345439504,0.913613913854149,-0.91753964794508,-0.8396157931787107,-0.9565809678847741,-0.6289785078338964,0.9405368531874866,-0.9546321791782413,-0.8227804464780075,-0.9952606223836593,-0.43856808500805755,1
-0.5508476362901187,-0.09068204479383701,-0.12352036239725192,-1.909514517529021,-0.6827359776467636,-0.10238379285843899,-1.0531324702235052,0.7802285756917755,-0.8714099155364764,-1.050586886714411,-1.0166201621982713,-1.0499709373884356,1.096142431491791,-0.786190374937019,-1.1116894482149062,-0.9939126765331401,-1.0486075850891825,1
-0.5859811999160605,0.07793679605440837,0.038934932689872324,-1.4942858132938146,-1.2929455288147838,0.06470021688801136,-1.0464098691745032,0.9728655792690917,-1.0381872753948127,-0.9839496416914948,-0.836057207417051,-0.9350389481667787,1.006348180229277,-1.15148264694958,-1.061599663380471,-0.7812499003281402,-0.9374078015203908,1
-0.35870859467486826,0.5889934278386089,0.5439580818661222,-0.2065355074357581,-1.4579464878159758,0.5615693983153937,-1.092574950318505,1.1842098508509205,-1.0998831153208006,-0.6929248159988406,-0.9186333637277116,-1.0002539997946447,1.0784842716753889,-1.2697183876663687,-0.6291561943421003,-0.9753033757738014,-1.0803958844924484,1
-0.27649108804522726,0.2276391053848871,0.18490023242880507,-0.18202821948393078,-1.012139179768624,0.2041465117514322,-1.044492685871152,1.060879144581701,-0.8861831898775375,-0.610775773253148,-1.192088533849344,-0.792254427912929,1.1233485272919506,-0.8910657272134326,-0.4185108107892781,-1.3959067597430108,-0.6879959444673117,1
-0.28531568702773863,0.19997310034522225,0.15780192145143732,0.5329607389544906,-0.6473580123639142,0.17706565011434724,-0.9781151041148821,1.125486136004681,-1.0056209513151921,-0.8049212681944864,-1.0194453523002944,-0.8047875982582436,1.0910818098416761,-1.1094071906177116,-0.7833837753113733,-1.1209338351923974,-0.7480386230584674,1
-0.21323504377255673,-0.06453513537882899,-0.09846484015440538,0.9954665451055925,-0.7027535211171213,-0.08461847616229985,-1.1330870053212656,0.8631273754593844,-0.6493583041298266,-0.9859334555640736,-1.0452638497575797,-0.992286614952712,1.0615247359710358,-0.43156493616040004,-1.0222157925477164,-1.0923092171459805,-0.9807589045560527,1
-0.535575895124759,-0.3277355962639767,-0.3484074239629347,-1.1528521215769945,-0.2035152153403828,-0.3361657716223418,-1.0125762559250435,0.7471853128828824,-0.40038627751564326,-0.9272053826841024,-0.9064218621030768,-1.0979658757808566,0.8932057929632361,-0.0249872186228201,-0.9326874462795843,-0.855630668635307,-1.1800125846574026,1
-0.7830556389581508,1.4754184921340776,1.4650219002147622,-1.2798941989801509,-0.7599601076935392,1.4468200813886973,-0.897816059877709,1.4096610415564832,-0.6952438310675865,-0.7152479688993942,-0.7484308010775905,-1.0695145475268812,0.9821417981486545,-0.7446985468111561,-0.7798183346463429,-0.8331233606992974,-1.251687792863289,1
2.2293367370101373,0.389908056907018,0.3449616847171189,-1.8249210188257736,-0.2660644567647984,0.46755689826536917,-0.9445537434931632,0.9257936247082951,-1.0364697718823548,-0.7130529547569341,-0.8110142339983745,-0.941955014794771,0.9184168051861427,-1.1566268313587147,-0.6268749603869492,-0.7594790753277033,-0.9636971254954892,1
-2.920079422948147,-0.18288034091535224,-0.2114729664700306,3.0063986394789226,-0.08376817841006394,0.019936839521474285,-0.9339133156983388,0.797936263440394,-1.007893870085655,-0.9845252262192525,-0.8423946066045787,-0.9075747453070483,0.9467335781831894,-1.0779003827023763,-1.0329046949111584,-0.7370180957762513,-0.8498664649015845,1
0.7341070521300904,0.9557565024782518,0.9181135715180012,0.5987397549015966,-0.8387210874589413,0.9270474247635596,-0.7474501826358425,1.0332518038105643,-1.0444354882698692,-0.8272046398617199,-0.7188813105267959,-0.7295988405060893,0.8718926172264649,-1.1948803697295292,-0.8680615167800118,-0.6837358708541388,-0.6913218675515672,1
0.2571296694531324,1.01854300839503,0.9831475760833396,0.024636117112347953,-1.02672552011799,0.9803017630814276,-0.7741526287988524,1.3116906060537707,-0.9669065937369934,-0.9979080062528776,-0.7312145684664226,-0.6801656566950997,0.9643825551240085,-1.108140351122061,-1.163834250799731,-0.7781681598067463,-0.6867984801336944,1
0.647987751605668,1.0096074477914583,0.9738746389235046,0.07581226822839486,-1.1272446332825412,0.9777467732398053,-0.9088774574261119,1.2718222385773057,-0.6364354993273023,-0.8345158363047379,-0.85891072303513,-0.9310303997972745,0.9962858756713452,-0.6113037953167182,-0.9069313306256771,-0.9431756001309572,-1.0222686877151863,1
0.7101508407527741,0.4924909071403925,0.44713824489115933,0.19956691331842036,-0.7225933621714627,0.47036956697931415,-0.7966706127479509,1.4030188373392045,-0.6820746598064227,-1.0095878888781193,-0.8150070015144524,-0.7473550287225297,1.0051930092436203,-0.7159554684824401,-1.1875907132006274,-0.9184095286528778,-0.7959424368301288,1
0.6568339770608416,0.43451006172369644,0.38929287920619005,0.4897023665962902,-0.6272053498946419,0.41183092591147447,-0.9104933975336534,0.8929840474546401,-0.8764350809429384,-0.9153059021401361,-0.9769990646871063,-0.673870156517889,0.9679812026623053,-0.8724937638199973,-0.9343653488639321,-1.0125235333139306,-0.48627482704517777,1
0.6852491578773636,0.05345192967479175,0.015216568882085503,-0.601891326457947,-0.9882733675673067,0.03751172450835695,-0.9724393587865438,0.8228076420871708,-0.9018977019141337,-0.9285403443182816,-0.8072739518402056,-0.7833947614075347,0.8695708566805835,-0.9242903079438567,-0.9665184508321625,-0.7274728647247659,-0.6844110280422165,1
0.1870210855977882,0.32067452028597715,0.27643547255248296,-0.34958491046767926,-1.200544733510587,0.2925683368916813,-1.0392091888945827,1.1231869447472203,-0.9804374668092671,-0.9091753804429916,-0.7365680018731637,-0.9324935678209522,0.9573989880607715,-1.096385406445363,-0.9924503097808598,-0.7086165882939356,-0.9960622421447187,1
1.7664386787575217,-0.8442916096771367,-0.8242779369958153,-0.6177390206320429,-0.5113993433627315,-0.7829008893331123,-1.1543809306658526,0.6102443693090439,-0.858242400912858,-0.7258782095382607,-1.0224060745736683,-1.0418082732734046,0.9582306094849226,-0.744912224784505,-0.47203700066262255,-0.9870733558306599,-1.0190035694050326,1
-1.6398844601175804,-0.6536228421618869,-0.6508892262576709,1.290101810425511,-0.40514929601485,-0.5898516976202557,-1.0257978054422476,0.8531703254178691,-0.946239465328266,-1.0130916004651813,-0.9808195973862501,-0.8289302414478321,1.0351228626367246,-0.9622849582540038,-1.0751308450920325,-0.9779427011564558,-0.6991568998682908,1
0.2262773432197847,0.012533620494359535,-0.024323345287037453,0.9464352974821045,-0.8989139421754754,-0.010721379409794242,-0.955772845182357,0.6554552691601715,-0.8213958496238496,-0.8778373439417855,-0.9278768763505446,-0.9069220634359554,0.8984391033853686,-0.7172875411095946,-0.8083454491509249,-0.8488071774922226,-0.8088682386607718,1
-0.20798504237283744,0.4589453043406118,0.41364118033663877,0.38564764697911996,-0.9871529684886661,0.4308064564140379,-0.7972611072076706,0.9831861681190266,-0.8415476559409135,-0.888187757941291,-0.8964315767206008,-0.778025447974088,0.95412834968372,-0.846473216534403,-0.9210533458060173,-0.9135386218880892,-0.7070617945867066,1
0.3696104689058354,0.2840464605374005,0.24032280473604722,0.04201280025775875,-0.9427095488268566,0.25804873127527567,-0.7426369386798325,1.0329634237331955,-0.9952968914011602,-1.0446734096402637,-0.8445776492509736,-0.4629728906320104,0.9236835317569276,-1.1095590096716745,-1.1924411427232064,-0.8610416154788607,-0.2532900492320619,1
-0.05349395143338075,0.13773673961950994,0.09704634613745967,0.49665475871241,-0.8659893119930058,0.11277245426221258,-0.9920558549668056,0.9471986491722652,-0.6526786559023134,-0.7591534445460769,-1.0084296140498814,-0.8634540051834161,0.9743650126752591,-0.5178675084179036,-0.6875029736488811,-1.084711117487506,-0.8224761302444618,1
-0.2862326293297718,0.870468634334164,0.830232573031333,-0.1534564586170141,-0.8872978942233798,0.8373061402791675,-1.118334431974151,1.2436326949877738,-0.49099794706376204,-0.6475780493918747,-0.9966879244791831,-0.924612660342686,1.0082853614637366,-0.37999570034608265,-0.6130050232082545,-1.1444683730412988,-1.0015572138609428,1
0.5800978972424359,0.5361916096516298,0.490898626503426,-0.8300359947635961,-0.9426417743723254,0.5100620370699848,-1.0527655293180822,1.3006219856391215,-0.4688923958382128,-0.714478501824944,-0.9344061326977494,-1.1242386156264677,1.0387292634423542,-0.35678194438857164,-0.7213716828130688,-1.0533454290000446,-1.300702626262432,1
-0.571016986750104,1.3530408945310701,1.3344577119648926,-0.1732597708782968,-1.0902748853051953,1.319149290693628,-1.094833556860866,1.2338693730341002,-0.7428681200336628,-0.6183922651612066,-0.741382636875185,-1.0414468021198766,0.9175525194348396,-0.7835769909697765,-0.6078527939606798,-0.7848784632631636,-1.194582229486134,1
1.8201544805740137,0.2526378512021183,0.20943395130827558,-1.4816075850547736,-0.33367310626483737,0.29599745214064244,-1.1706430094102536,0.9813928894742585,-0.7730338739030342,-0.9305852915222177,-0.9735683703129908,-1.070733701239359,1.0742927110193523,-0.6911295436076584,-0.9544490729590902,-0.998776894158935,-1.1461905777702939,1
-0.5604750844470616,-0.15296507027540684,-0.18300312150513384,-0.6395842054875821,-0.47102009836726666,-0.163367980960504,-0.7748205460825718,0.6887243909920672,-0.9971527744105839,-1.0326791590966482,-0.8806837253110424,-0.8086713114413734,0.9222785715978821,-1.038910344945221,-1.0965072204205555,-0.7639774580845624,-0.6365966870570765,1
0.1483767934407918,-0.1372172079389318,-0.16798997108696279,-1.1574011373180835,-0.5147859557387243,-0.15854758263257152,-0.8644726038255163,0.8284404373632948,-0.49405020733063376,-0.7722713867033445,-0.8835166517527301,-0.6675419409605726,0.7906495749040647,-0.2996604876787413,-0.7403385374908851,-0.9009006713461121,-0.5411809315995035,1
-0.12578432736372958,-0.26315036749129705,-0.28754252635120514,-0.280772771104935,-0.5824558005534362,-0.2813759902638036,-1.0454155483394996,0.7222862213763923,-0.42590973197101256,-0.5959123222477382,-0.9814838421540254,-0.8628472639297917,0.810100328506326,-0.1096528099259446,-0.3843203961001907,-1.0171664644139489,-0.7993546043108897,1
-0.7574987045494979,-0.07833399867621596,-0.11169393481486356,0.1230299979086446,-1.0747699422764962,-0.08259723369503952,-1.1328086792941632,0.853961928464763,-0.94172542052389,-0.7579414514678315,-0.9628360897934871,-1.1173267064934913,1.0357855046938813,-0.9543727513006923,-0.6188389928135912,-0.9445536549453108,-1.2054828712023036,1
-0.1265712975435868,0.4721405494795757,0.4268075556384598,-0.8821855207958605,-1.119792814575839,0.442777196765674,-0.8927345093102771,1.271143662814315,-0.7786899714428757,-0.8002432393887258,-0.8234700481308226,-0.8952890126841788,0.984151766866429,-0.8232046207093541,-0.8600272813175992,-0.8934698694632442,-0.973986956233084,1
-0.04499316250278877,0.222549268630112,0.1799106529717767,-1.6532300678446668,-0.7809884782399616,0.1962428388584164,-0.8580463549956345,0.8291846138356064,-0.8043860408081199,-0.5113253701407106,-0.771822867682081,-0.8992213207962371,0.7746764131504048,-0.8002030676476408,-0.3288673936899169,-0.7224055382652942,-0.9156246594299154,1
-0.4315052127485755,0.5521549483376922,0.506918443827912,-1.1818957489773079,-0.8566013488850018,0.5269847002157801,-0.8576338430838126,1.2530413393324096,-0.8810414450856674,-0.2778282266020264,-0.7477543793552164,-0.9674374727205727,0.8699296400579423,-0.9982654580236296,-0.15630782215498837,-0.8257231793086846,-1.1071816829443266,1
-0.7286624245278772,1.9651834173741973,1.9984662571998129,0.445553003252419,-1.1499308789560043,1.9266820902088735,-0.9083971356690511,1.5428974812698162,-0.6819284540540403,-0.25691749476790193,-0.853351499883453,-0.9488519549243515,0.9611438409198915,-0.7714021193581112,-0.2172307282307628,-1.0346630189957824,-1.1198456734824975,1
1.7432248459956006,0.2063984558940117,0.16409046233584443,-0.6341032221686098,-0.2423895545326583,0.24451552593703305,-1.0865755192594537,0.9796815532409356,-0.45023559074005615,-0.3543976688524067,-0.9852872870877347,-1.073209464132225,0.8960152714990163,-0.2503303038471635,-0.08859158960131548,-1.0845507070150506,-1.1936372669294717,1
-0.44557698958664665,0.9069251919969767,0.8677327536131492,0.2812153093940014,-0.8642715075712181,0.8765897550970674,-0.9822996413597664,1.4484126438478924,-0.9987254959032493,-0.8985146290818937,-1.0340886310772825,-0.8322991754090265,1.1992728619378934,-1.1319611708466473,-0.9877581015810453,-1.1990233223701907,-0.859549065398346,1
0.17868470096718958,0.12868694250645935,0.0882353594615233,1.3028449131817372,-0.9049484190544614,0.10344248917587687,-1.0409436974557469,1.0205913911895774,-1.083864659709511,-0.7773229622406651,-0.9922442836293709,-1.0444864733733323,1.116084835581778,-1.217659031648539,-0.689203115344392,-1.0310205112977588,-1.1009515690653988,1
-0.10832078813404775,-0.24287807133139722,-0.26837534895708015,1.2424126724547346,-0.7834161286164206,-0.26159917942576305,-1.020270814888869,0.5439370243419263,-0.8543094453478498,-0.9025462716808487,-0.9727346690944302,-0.972937996403617,0.9227249065052231,-0.7230747613084159,-0.7995551043368049,-0.8698282921801392,-0.8736245653323096,1
-0.536198118018942,0.1998029726789332,0.1576354571572487,1.2866719330347574,-0.8197333105132893,0.18304787606568013,-0.8849275742736743,0.9459659680545416,-0.8013618690418869,-0.9512162018123518,-0.8828393198197182,-0.7796507343929038,0.9414494944080903,-0.7740564381809377,-1.017768183106936,-0.8805695334345516,-0.6995414399170107,1
-0.10564314812834404,0.30658304368094064,0.2625307135653641,0.43964632809998655,-0.9162363133288498,0.27951349035773965,-0.8598148941211432,1.1426310777776343,-0.8037167235743304,-0.8572532138436337,-0.9734303205180571,-0.8129918346392162,1.0413050210152022,-0.8056002742717738,-0.890434363164919,-1.065787502598232,-0.7877819547704219,1
-0.5444641586579448,0.11257425923036216,0.07256262752612384,-0.339561752867974,-1.0001074026310153,0.09745244096011459,-0.9260130315520898,0.768859814115562,-0.7022999584406155,-0.9693281361547349,-0.9217637386827958,-0.7441221762376404,0.8897066940334667,-0.5602093275902553,-1.0142287712150388,-0.8952058483896499,-0.5816610053834131,1
-0.26081095551985994,0.3648089595497294,0.32007867928480005,-0.028179296367386274,-0.66718701725131,0.3389414125757552,-0.7790502958122765,1.0807540100647357,-0.7600287737630228,-0.8014492986599371,-0.7732040553937437,-0.7286835118936024,0.8661321783373356,-0.7806316398078814,-0.84606528794683,-0.7948183915586755,-0.7123290307552912,1
-0.4620834039038078,1.015479908030092,0.9799681684581353,-0.08396366866711343,-0.6586146372352801,0.9838709270299871,-0.7807465459091184,0.9455152862975132,-0.6348222543490091,-1.0404110075647826,-0.8030876665035279,-0.7824280342745973,0.8819904961123005,-0.5317711732088836,-1.1777003108573254,-0.7740504709666546,-0.7311866494581809,1
1.4192408052615446,-0.5163919793047107,-0.5244570224810005,-1.0942725855577986,-0.15056548213887602,-0.48797481312112634,-0.9678161502522257,0.747113549939969,-0.5882551878734605,-1.036733038156234,-0.892867292401526,-0.9549564941248411,0.9089083209695676,-0.3419752511846169,-1.1217895003812477,-0.8231761604250164,-0.9270515352440998,1
-1.348423065635791,-0.43870769668946,-0.4522778046277281,0.5859657755291043,-0.8360052913776927,-0.40277707007345503,-1.0201320179225002,0.9889821432016087,-0.6997790852376086,-0.8571079513774456,-1.1527946562255644,-0.7693068058975177,1.0930456788141025,-0.5621499851695526,-0.8240066421103568,-1.3169874353262463,-0.6315345132638001,1
0.31615000713983704,-0.042628223631130724,-0.0774340060370206,-0.06269475210164864,-1.0141278910713485,-0.06429681464473931,-0.9888094782728469,0.8075662353155061,-0.9137297599262473,-0.9333799600263029,-0.920542289663542,-1.0090989183016954,1.0000347830340441,-0.9017302230702663,-0.9289866928509567,-0.8607483554451119,-1.0118952233480671,1
-0.37861985813642873,0.5829537330198207,0.5378786340802177,-0.6508302660162882,-0.8457113010509355,0.5560583149879664,-0.9178223497408871,1.1215124209821614,-0.7203853615690974,-0.9286050642332224,-0.9191829194807765,-0.941376790249116,1.0317505660034294,-0.6713317010485509,-1.0012979201521768,-0.972252290708956,-0.9852328905364846,1
-0.07440340368362959,1.0328569938532717,0.99801412637205,-0.061592185422279816,-0.8705128472536122,0.9945257077405247,-0.7509396697715642,1.1885446958151948,-0.5864044950032137,-0.7489552738789069,-0.8343278240173029,-0.6765388674174364,0.8828623558819788,-0.5580890336816247,-0.7966956409333535,-0.9242367424336321,-0.6720688033363023,1
-0.026014208301204357,0.6608616154467057,0.6165031674443807,-0.239165754318145,-0.7205758569698197,0.627816283092509,-0.817079226587007,1.0765328573747057,-1.0183325097624678,-0.9096677801805659,-1.0084769141603207,-0.894254753404306,1.121028977984213,-1.1157463635828782,-0.932282614002449,-1.0769054477911706,-0.8646180531627247,1
-0.11192210630362516,0.5823746008271798,0.5372958296359585,-0.565845449079447,-0.7697270722249389,0.5511909417128862,-0.7155896404227446,1.0515952714212342,-0.9254388443538404,-0.8197702271461265,-0.8822428947820162,-0.6844492554350595,0.943384674277236,-1.0002459304302687,-0.8364178383112979,-0.9215758035588119,-0.5948670088649041,1
0.5038532849330827,0.08368705934156646,0.044511513388791064,-0.5643581620462303,-0.8052873912201732,0.06292554215034322,-0.6896656672238181,0.9385315157673951,-0.7386056758279472,-0.9193929095490061,-0.8628200195102067,-0.6638977128630068,0.8826265298013037,-0.6930182862630302,-0.9812418986630614,-0.8704912506611137,-0.5405531102112228,1
-0.8626212596308087,0.9610068791061187,0.9235408909601178,-0.4963387516903566,-1.2310856406892752,0.9441098210536053,-0.8984432750671527,1.055199754944952,-0.9680027406929929,-0.5110886995111453,-0.8681359030925119,-0.7857452187390207,0.9028493086291475,-1.0762799332882071,-0.37410082002403594,-0.9177413071267109,-0.7711317926556704,1
1.7480927710329903,-0.12877186511547395,-0.15993120390524973,-1.5888687757804267,-0.6267363388436183,-0.08356688293807048,-1.184502709956534,1.0135798324998908,-1.122978388527961,-0.9866645307541889,-0.940806905016599,-0.9425641427580014,1.1089654062125816,-1.2840977501870061,-1.0502321733946811,-0.9388839064013554,-0.9285300088537797,1
0.21357989961912896,1.6154095037038698,1.6157150971536482,0.1819405347768096,-1.177501883970656,1.5678964825479624,-0.837046186871347,1.211048063978581,-0.7051125723148887,-0.8533368299700109,-0.9611435901355228,-0.6120650567284307,0.9873614937562126,-0.6955045140713303,-0.921299631509638,-1.0861945576062904,-0.5348145277883235,1
-0.46145316799551966,0.35632158942418307,0.31167476075910977,-0.48671479104323717,-0.9555013866908071,0.3349733585905811,-0.8887755314430492,1.0052107382448248,-1.0398029737977244,-0.9962559924557468,-0.7869512064386385,-0.9463702525602045,0.9886776733119249,-1.1627697298327966,-1.0940984258438469,-0.7204231047657357,-0.9722173741124779,1
-0.1412444225586739,0.5267536785813501,0.4814360326815219,-0.28230130541362936,-0.9109802195299183,0.4967235017329346,-0.8838562417762225,1.0539993466486572,-0.7756657114356452,-1.0440305526919662,-0.741865194638138,-0.8483621985843134,0.915816734790336,-0.7778311506151386,-1.196919959626106,-0.7068022776284997,-0.8608286627312802,1
-0.24375361759966924,0.4886942635374225,0.44334298236622277,0.08607687379289818,-0.905185271678575,0.4606500257650927,-0.9184930193926963,0.9987699752755312,-0.41383710886837866,-0.7893797796369895,-0.9298889577983149,-0.9047988611638597,0.9132306515801732,-0.19329734627592182,-0.7815402149759086,-0.9928242052213154,-0.930354299586192,1
-0.4283363549614197,0.02033786435580158,-0.016791408698465203,-0.35717816302337746,-0.9116642361382136,0.003363348254406095,-1.0914165964026517,0.8942023113961911,-0.7312866174561375,-0.9014646587635545,-0.8135057898041813,-1.0344215094310394,0.9182100392035997,-0.6497080378590293,-0.927414365090222,-0.7485844396001092,-1.1047884883978392,1
-0.40371055271249273,0.11925109233701392,0.07905485806327872,-0.29778026221809223,-0.822747665250581,0.1001225084848944,-1.0388735945030234,0.9897751398149562,-0.6696460164880514,-0.9009147293194816,-0.9728254284123385,-1.0540017475699206,1.044607549458819,-0.5326445091204476,-0.9152883930722656,-1.0116512255002015,-1.1276777947144876,1
-0.2997399505318737,0.058542213622074124,0.02014390612041824,-0.189805353555829,-0.8213702952047833,0.03807813964403694,-0.898646276089579,1.0101752152275922,-0.8388306466512747,-0.6304418405154956,-0.8926378766348734,-0.7939213203042212,0.9088060882817887,-0.8646159446042242,-0.5358575047846197,-0.9374975671995149,-0.7634906719561156,1
-0.6274949112217594,-0.22810630110016936,-0.25438999493672987,0.28137297022619695,-0.7732228240218629,-0.2350102086475214,-1.1018916336452838,0.8318958864200137,-1.0079925210445313,-0.9387402399268229,-1.096117818194811,-1.0907693229330055,1.186859259876949,-1.033696864885315,-0.8888604057818977,-1.140148141679896,-1.115893914258749,1
1.1546297523254911,-1.5323006926422802,-1.4279222139542513,-0.06918004644952315,-0.2912796525803713,-1.502030035000896,-1.0922910634965417,0.3860440492399845,-0.8536687482694624,-0.8584150595888604,-0.9621362155441349,-1.0593975111448588,0.8680660359994137,-0.6709777809270199,-0.6562804277957468,-0.7856798799956818,-0.9993300506596968,1
1.4516408399191334,2.35964205948983,2.4408040449708484,1.521012954208842,-1.0341640793182056,2.3384045044387296,-1.1531801494123965,1.2364116356090828,-0.7990288274055428,-0.8995434891931527,-1.0539804394908276,-1.0391839250957622,1.1821646730958397,-0.7804571315476768,-0.9417152963593448,-1.183176844785915,-1.1274605442354713,1
-0.7507456785551367,-0.6848267907459819,-0.6794463779585459,0.8084820646733479,-0.5988020675169653,-0.6793793641856921,-0.9319775849683397,0.7662306430086465,-0.3832455738239171,-0.6832386288180534,-0.9635249412745945,-0.8189246036097994,0.8147321684760115,-0.06499407279930103,-0.553891160813467,-1.0012543198409336,-0.7434061774800323,1
-0.23014907851819125,-0.9205603226066492,-0.8928932402255575,0.37779497606844875,-0.781505679204433,-0.9272947108479082,-0.9261734293232007,0.615652373912886,-0.643727507493169,-0.8801935427606286,-0.9203006500220376,-0.8819267040607123,0.8393624445457389,-0.40430368059229566,-0.8194428011159856,-0.8427755928667782,-0.771441554736935,1
-0.4744927237789825,-1.2576746156486245,-1.191104751888856,-0.3075994561879046,-0.8486677868014932,-1.253300416226913,-1.130379498867691,0.30695087773631985,-0.8868336628705356,-0.8850113902142758,-1.0010107824175742,-1.0041994056887371,0.865418815687151,-0.7024716091944826,-0.6702500954687041,-0.8250580229042341,-0.8488803463390873,1
-0.6252724243680785,-0.7417182926678652,-0.731329716101557,-0.04557162893272653,-0.7685907770203796,-0.7404286437751597,-1.3089808631352469,0.65025040135589,-1.1192630662015939,-0.7936812903318525,-1.111722741138734,-1.1024317214320416,1.1387684421355666,-1.2230951597827422,-0.5409333670758295,-1.12402074144254,-1.0987608059605096,1
-0.7525443783222594,-0.25606881235323736,-0.2808504144245502,0.15536060774696261,-0.8393896659311559,-0.25761821397839174,-1.077798175295943,0.8613921752556832,-0.7831601010251297,-0.665354528480331,-1.0235267428295292,-0.9864575957594741,0.9934520245381923,-0.6942198649864798,-0.47886176685844395,-1.0751540100125931,-0.9918687033826818,1
-0.2637170425563348,0.2989810376722698,0.2550354417093464,-0.2579124241384914,-0.9324187532636745,0.27417044193673296,-0.7326542474769904,1.037830424130651,-0.8207946545927298,-0.8204065181521013,-1.0325696376749205,-0.5699585598897693,0.9894210063491704,-0.8182022660352054,-0.8160425803861752,-1.149729280109576,-0.3827325507139742,1
-1.043985841340978,0.6796801481310392,0.635561082019426,0.09583242705734923,-1.05381708222659,0.6762879902103986,-0.8841689759094548,1.152183829875513,-1.035748538511356,-1.1087719417485262,-0.9570916367468328,-0.7475378329311463,1.1162202767442904,-1.157901521989215,-1.2805078788951711,-1.0147452111505377,-0.65597569590642,1
0.16638662941612206,-0.40661622965487465,-0.42233221744257526,0.1064502046631229,-0.926480949961783,-0.42383430344277423,-1.2587803482599478,0.9099680331945499,-1.0933857169334509,-1.0856755550623225,-1.045977219229175,-1.025799774615829,1.2059521511156797,-1.2050559172041746,-1.1838725168256854,-1.06179783472519,-1.0123110014437666,1
0.9311382799890388,2.6938323751761377,2.8244243669214413,0.29606371102170775,-1.1109513201790753,2.6437855076698358,-1.0394887244738689,1.5922237671289945,-0.7360925327682486,-0.6776578212333589,-0.9218229596488915,-0.8940814838777863,1.0837330033451018,-0.815279895646981,-0.7439729239707626,-1.101105882365522,-1.0230124762507327,1
-0.22271855825944806,-0.41643203050135646,-0.4314996203536344,-0.5796791582571194,-0.8608394711400957,-0.43099597669251627,-1.018912462126495,0.6258851887446105,-0.7278476675257013,-0.9730297905987879,-1.0086428763226372,-0.9738026386706103,0.9696024853624593,-0.4991594866762289,-0.9522389200904119,-0.9617715779095716,-0.8919755518936244,1
-0.4127655606360145,-0.7938340679851376,-0.7786508880574002,-1.0881067033794656,-0.6107884110805641,-0.7985180423245083,-0.9334946106807019,0.5291261729145991,-0.9476675115603328,-1.0019176308902438,-0.9895729527968877,-0.7563278867705131,0.9151101332711622,-0.9013748778226801,-0.9925480973332054,-0.9002845932165543,-0.44975088343328984,1
-0.513731847168812,-1.161597617993286,-1.10695817664837,0.08185695565696174,-0.9015769854158613,-1.1574968977923221,-1.105029294646921,0.5717879874730751,-1.1015236633960843,-0.9295530272683057,-1.1289199847509763,-0.8500459522409033,1.085022525667377,-1.1811154789385383,-0.8061512185358531,-1.1489396672087724,-0.5721992332982804,1
-0.6804205999355637,-0.4743262947918706,-0.48542685980840194,0.6047486957996017,-0.9797347088389236,-0.4752525558706491,-1.1591063817949512,0.697173189524624,-0.9830232334603547,-1.0815300988181247,-1.0753780395658894,-1.071834464764077,1.1619758383930365,-0.9558194109850435,-1.1379152068761682,-1.0571864044318944,-1.0459657213790379,1
-0.5805612586546547,0.40863127669957117,0.3635535805320657,-0.9440012624855213,-0.9799203313504794,0.3899614396284474,-1.079477860135533,1.263008338223177,-0.17545113009379365,-0.9124603171396526,-1.0345103721324527,-0.9832427622511677,1.0499981283639224,0.10692594720512609,-1.0059037843244414,-1.1964425605963003,-1.0814770762675536,1
-0.42923996031681577,0.04983047493787175,0.011712190408561578,-0.6594051283615555,-1.0867766697322416,0.032419740726508495,-1.0534531219111665,1.0395637513395712,-5.601357242512819e-05,-0.8596690932220463,-1.018933076388044,-0.9486557969825401,0.9329975102265234,0.4401349421472743,-0.8993225232944594,-1.1460542931301547,-1.0045420265482368,1
-0.5257454375291597,0.29486650514449475,0.2509804335678651,0.5717216955544788,-1.3689589678521037,0.2762967009956094,-0.9599628700117839,1.0536649694078553,-0.6304296107038485,-0.8437743464199129,-0.9781565451470691,-0.9819124689532205,1.0271445434722097,-0.5035556869683633,-0.8459258221104178,-1.0496114188925703,-1.0316076519170139,1
1.0901767647920044,-0.9599175603343975,-0.9281353661877162,-0.9910030930874147,-0.825387156713509,-0.943153138011345,-1.0063429489172038,0.8015111218511635,-0.6782381430716005,-0.8280169946715293,-1.1153334365555059,-0.9992367893590886,1.0645536104185327,-0.4513768045932948,-0.7113950983432088,-1.2043652802248572,-0.9717380256506145,1
-0.3981774412844185,1.7316767734241403,1.7419557204224507,0.10627639378925804,-0.8754620561830385,1.6874757917912542,-0.9240411775469883,1.5060155385328293,-0.38906505669230873,-0.6627237437284011,-0.7289809782646935,-1.1290677967636957,0.9507332334822445,-0.37876690740649693,-0.7496388093903152,-0.8546816869018112,-1.352042097660944,1
0.44428331164593954,0.22821357985991478,0.18546350964535566,0.038371629515265175,-0.5486037263446194,0.2041635865575794,-0.9610317243885879,0.854452399552829,-0.7643738134517225,-0.6965212033271903,-0.9336899873837681,-0.9469804151787826,0.92448458569121,-0.6865415220664162,-0.5638647792070683,-0.9382380775088752,-0.9460107429435477,1
-0.30214473768205335,-0.3473044336257612,-0.3667890685550446,-0.7952319276994728,-0.16466722990639684,-0.3614836585594408,-0.8806123501708805,0.49012838746127513,-1.0074467637956106,-0.8525689228488017,-0.8566947136836672,-0.8214065708864136,0.7971436469561054,-1.0365924423513846,-0.7299296266190692,-0.6702803322550952,-0.6156067919073176,1
-0.26723232251742046,0.21189218728909223,0.1694696002369519,-1.1392034303454512,-0.5220171746414992,0.188475712735029,-1.0078945717053613,1.1062007388127924,-0.6227716391684418,-0.7671619778485572,-0.7837482129389377,-0.9633495949201327,0.9000410414257407,-0.571354970556968,-0.7896251242943586,-0.8053919257491147,-1.055914743486321,1
0.36830486952963415,-0.29637504420565025,-0.31889128505381475,-0.3240015191043494,-1.025346899503175,-0.31356747145811753,-1.07891311352496,0.8139417383750683,-0.9432515518178654,-1.024501859434408,-1.031641593331837,-0.8463500398985716,1.068433064530246,-0.9374570143557689,-1.0777723814995517,-1.0463695857659032,-0.6976743019647879,1
-0.5390976614723203,-0.5341546506550975,-0.5408992195629857,0.7363611928055557,-1.0516856494172355,-0.539197106607737,-1.1141729253173347,0.8174182830154817,-0.822165519512584,-1.064855790597802,-1.1156497270525259,-1.1429984010042713,1.207665289886683,-0.6685446153858728,-1.1237192438010628,-1.1686827353141485,-1.2068348629914785,1
0.03841883179591593,-0.3126621204990748,-0.3342294057787944,0.07488307810826499,-0.8791913668231529,-0.33131333678862274,-1.142518970360907,0.7325056447588958,-0.7708219072160698,-0.9193201713723151,-1.0712305105785394,-0.9642345055080033,1.0439261397247181,-0.5986579256267809,-0.8630048441702156,-1.101831031044818,-0.8892793605587613,1
-0.7072749627877581,0.5072477598499908,0.46189969844173484,-0.5690503540891594,-0.8763074290391971,0.49143500801075485,-0.9867053871779251,0.8579699088937816,-0.8025755772404276,-0.8432446096347006,-1.0343391128909123,-1.0214041292967748,1.0560260531631125,-0.7033669286944407,-0.7653048185255649,-1.0719217779255956,-1.032295162934065,1
0.7924874015335739,0.002721643591711307,-0.033786667156181574,-0.8803108014103784,-0.6968990911844829,-0.009083691058754829,-1.057823392382323,1.0778553122138985,-0.8779602508874645,-0.8946964749743126,-1.0455941868315874,-1.018620973092116,1.1489173451829877,-0.8746972644810187,-0.8987941438672679,-1.1338936224920717,-1.063557638192709,1
-0.7468208446079599,-0.242045403551661,-0.26758743316097827,-0.21872050133123458,-1.2824173320819598,-0.24406669564393468,-1.1369765821586786,1.158906416467335,-0.8571426464327428,-0.9363208708235955,-0.9326469216015004,-1.0325150980975986,1.0988997716809175,-0.8769261331122863,-1.0046786214705523,-0.982078816393822,-1.1197173421808677,1
-0.2301008499060887,-0.08790726354324288,-0.12086376343064269,0.0003387138471167077,-1.074474045945681,-0.10736812525841331,-1.23890104152544,1.0292852078442483,-1.056448086993931,-1.0608827511281298,-1.201217790659148,-1.1217352160249314,1.3777742015238859,-1.129609073257321,-1.1287245018526297,-1.355381957113646,-1.1795543880833077,1
-0.11069544296869882,-0.017145375143490574,-0.05292627009309938,0.2986339405859983,-0.5215070637052922,-0.03926157483386441,-1.0948230256199938,1.1203731850737082,-0.6144266929898011,-0.8876940176163689,-1.0635107674406035,-0.915798017124892,1.0921148694740312,-0.47647983790786447,-0.9170343861076901,-1.1942249434542915,-0.9243623122972436,1
-0.08501796372516712,0.6255133074119891,0.5807749249954278,0.8599359959717996,-0.5971002018976325,0.5934281129196366,-0.9793342701676352,0.8584280040277112,-0.8383339076366646,-0.7329381391430045,-0.8347606673118707,-0.851578872528698,0.8614495818810581,-0.8333489759252461,-0.6567596584384625,-0.7970025881450628,-0.815044635769314,1
-0.31175075919349593,1.0889300625366076,1.0563954968198723,0.7760856897168026,-1.0821977555323354,1.0528825320997397,-0.8527394239781887,1.1033999031208224,-0.9064745080680737,-0.8465234368001475,-0.7052112889989552,-0.838247982354137,0.8886436508748808,-0.997255864568691,-0.9129888998331982,-0.6865189076140716,-0.8732723362152623,1
-0.055339712637492676,0.6046180192117295,0.5596978382597233,0.25551137247914296,-1.314903580914893,0.5726136396593746,-1.0013623226739503,1.0982022740038735,-1.0039370734699298,-0.5633776041971426,-0.9704387172867536,-0.8669885181152953,1.0129529546318246,-1.116995955900094,-0.416423834274472,-1.0565492247631005,-0.8676643273063777,1
0.2576150436459371,0.5758435466250184,0.5307250530962692,-0.2806958006237231,-0.743092879745845,0.5442937514123021,-1.1206819283071996,1.331291825110531,-1.0001700495555077,-0.7303652216545158,-0.9383499110077009,-1.0522597127554953,1.1280428229483859,-1.1286783887667524,-0.7208800148494845,-1.037302829884859,-1.1805831514873828,1
-0.3354224210199032,1.2439198519414698,1.218956666933222,-0.24831891878958545,-0.9465244850337754,1.2059429366291987,-0.9680401971062647,1.3141435656295013,-0.9398435700874379,-1.0511726641739987,-0.8095837271353633,-0.9838467852916477,1.0842146539990047,-1.0436928518869681,-1.2193861000210504,-0.8440701719594615,-1.0851491166800364,1
1.4105409270168625,-0.6189846584015362,-0.619106100435372,-0.7179788086977666,-0.5672611587536405,-0.5892477503227543,-0.8561688839412466,0.6579128938848281,-0.8029341195102608,-0.8756688973776235,-0.9277940480724635,-0.8835006933615736,0.8891162389794517,-0.6885843265082209,-0.8089442468647071,-0.8542887876799231,-0.7717304676925222,1
-0.7731266043522641,-0.22474932521052138,-0.2512095211281948,-0.39441074636155005,-0.7382142048275256,-0.22593453993810222,-1.0713915950574302,0.8154301771082275,-0.8101202570786895,-0.7768711211795324,-0.9803713678768453,-0.9781049478159746,0.9789273410159826,-0.7291220807625991,-0.6603852889628594,-0.9841754316671025,-0.9670105145908588,1
0.2878189216198795,-0.3543203025989674,-0.3733725111079565,-0.22102622438531458,-0.8980623310462675,-0.3715521031496887,-1.052984689663204,0.7691393876239312,-1.0756617223085425,-0.8809083323358597,-1.130703660286233,-0.8400094679966037,1.1225458707845855,-1.1611196247343196,-0.7760251145608142,-1.208085024807918,-0.6404831667862018,1
-0.16255521393000513,-0.26135913997569216,-0.2858501506752528,0.011507162960043624,-0.7983253119603398,-0.27916575861244297,-0.8691731116924575,0.7374177865031304,-0.6972392760702631,-0.7855954046804218,-1.102528930619721,-0.6468775539940387,0.9350816180208582,-0.5153164724577569,-0.66030196552022,-1.1987986971465148,-0.36864164632170465,1
-0.23863056802818597,-0.019285577366244665,-0.054986395512972026,0.35016111995119803,-1.0165326192568582,-0.03965503293933452,-0.9005742349885586,0.7539007015269923,-0.8764610982774834,-0.8467835382852683,-1.1302538898304375,-0.6387629923983107,1.008775323269159,-0.8149218853359644,-0.7483497152087918,-1.2346903172872201,-0.31942690141761027,1
0.09169853902750788,0.11859379859092373,0.0784155932597129,0.15804643619371592,-0.977192608503998,0.09335264800819361,-0.8438347259897703,0.9369867097596157,-0.8915301679375638,-1.0270489322863752,-1.079521950268841,-0.5694839015034164,1.0536372891153662,-0.885383625620037,-1.115333306761588,-1.1816125594297755,-0.28491640256457257,1
-0.15737753028224455,0.6594151079929148,0.6150393269514126,0.29353230286270343,-0.897047360693276,0.6275598292108423,-0.8611574673011998,1.1108259044402804,-0.7782121010299271,-0.6268829741415378,-0.9578100483981326,-0.49239165027666415,0.8999332834957878,-0.8048464355469467,-0.578945153561883,-1.0813276669633773,-0.3576195828489689,1
0.2205053455374187,0.5926350379481141,0.5476249445367511,0.0679101455292553,-1.0394721739940807,0.5605903166425317,-0.8399472245018457,1.286020220406443,-0.938939140485786,-0.9115649122693054,-0.8600176257345629,-0.6815964196303458,1.0117032639752686,-1.0531024228621464,-1.0204754795481887,-0.9434893303874977,-0.6569261288447772,1
-0.9737404763164061,1.2370432104579325,1.211707011051928,-0.6178115516044053,-1.3907899949773013,1.220622785341113,-0.9210271219176823,1.2125486366150267,-0.8526921673147304,-0.9020208439727965,-0.9195139775839839,-0.9792723171014314,1.0817849371427768,-0.8888795762692163,-0.9682422368687654,-0.9852605349370026,-1.0540006262884059,1
1.122366857609989,0.6219574740930873,0.5771859093804347,-1.0199253811879263,-0.7600830543321089,0.613460158479299,-1.0395994356427756,1.2947279160358678,-0.8903226985871239,-0.9249501787226957,-1.0054253526558568,-0.9523452613517088,1.163095501949313,-0.9453583359915178,-1.0023812293514807,-1.1237041733240474,-1.0101260571460875,1
-2.386667297994607,-0.3592869429659731,-0.3780308633513083,2.1764493079978853,-0.1763090608515102,-0.22332430179987764,-0.7680493821093315,0.6670264129955193,-0.9925204716651213,-0.983180244224529,-0.9136766695549008,-0.7144045564157468,0.9012937923539787,-1.0301357556261528,-1.0052382100249437,-0.8260876685430998,-0.46594655967297854,1
0.49094842079770046,0.7228360306057078,0.6793633123176382,0.16909613760424586,-0.7030940997491313,0.6920265655216067,-0.7647813751612879,0.9973862132403161,-0.9095970766667384,-0.9308694981153897,-0.7444128361830245,-0.6298855432275926,0.8533163655721173,-0.98678101909303,-1.0240485385989706,-0.7176145787027308,-0.533297380822081,1
0.6269729140241336,0.11477245986514999,0.07469969336241396,-0.2987014379245169,-0.6895304605478971,0.09630373323223294,-0.7449032021965521,0.826884132280184,-0.8490779525589213,-1.0062945113280208,-0.7422103011068998,-0.7498388696849225,0.8299945070272856,-0.8514251293907948,-1.1085143404791271,-0.639180206566947,-0.6510996838164916,1
0.2417070705624479,-0.17000386319127617,-0.19922663404752494,0.9846520740824469,-0.8201114584005104,-0.19040093336674363,-0.87399919289855,0.7217613705548233,-0.7960714016131992,-1.0501709753091237,-0.9122450730813875,-0.8094545717142541,0.9202622915801643,-0.6902881243531573,-1.1370543933220243,-0.8414373613197286,-0.6557541306026905,1
0.26635121159143216,0.028369351783772638,-0.00903552673991841,0.45284734315404335,-0.8773645798454051,0.005161021396372658,-0.9816362354647851,1.1686227563752927,-0.8677453117478372,-1.0193816435524952,-1.0238301807443493,-0.743112033130792,1.1120493887974805,-0.892667306784447,-1.1383772008649473,-1.1344096702075461,-0.6575668671258489,1
0.5410836071106174,-0.2680253827309965,-0.2921473225832131,0.2897616156752005,-1.1055604065776314,-0.2825976493403168,-0.9622413966172226,0.7585284430688114,-0.9363446399031219,-0.9972202207693887,-0.8841028036429366,-0.8610846140114964,0.9405278143610638,-0.9443618903122053,-1.046262593763375,-0.7971925206665388,-0.7548282515832476,1
0.27275313053879546,-0.45533073815837777,-0.46775981846593784,1.177928948646364,-1.069654538300564,-0.4711709944366637,-0.9420893598350254,0.8219607897605401,-0.9601808244939036,-0.9186186096985215,-0.9425780942725788,-0.8000273719843366,0.9715251612954675,-0.9948913593318627,-0.916479883078386,-0.9204142099406599,-0.6634234352835823,1
-0.7957792541278215,1.7792453128908519,1.7938884291716508,0.08759669431945268,-0.9178456639929502,1.74620973743141,-0.8095308992002025,1.4550337861378178,-0.9521788593743234,-0.9776774159806958,-0.8644272284619893,-0.6537383045385629,1.0631775835206974,-1.0910522271858807,-1.138757852455094,-0.9854316402878197,-0.658016094085005,1
1.7194789657328957,1.2953579769783474,1.2732942021900837,-1.4413137926298893,-0.6404836510118996,1.3105285594132066,-1.0081288942669748,1.437001804179215,-0.9024054428217514,-0.9656529794264069,-0.9814142259787259,-0.7625430227608617,1.1437494401982644,-0.998606491860715,-1.100020533114981,-1.1300361298173853,-0.7735191821099123,1
0.4170447751844275,1.6072698339007752,1.6069140804476538,-0.40954252577910977,-0.828032500921142,1.5617863164067423,-1.0165987714796831,1.1040381522296525,-0.7069416751474092,-0.44504413172460217,-0.8943219287380353,-1.1466799085172292,0.9544272518394972,-0.6746272805159518,-0.2665330023991946,-0.9564063376845011,-1.3184544919104397,1
-0.5163478931817453,0.10805678155798508,0.06817189135667091,-0.5239509909432807,-1.231838143838253,0.092150046337763,-1.0553723114151898,0.9153242923534155,-0.9026392457451249,-0.6887207473647179,-1.0256206606003535,-0.9395874411379652,1.0272038182514598,-0.9058292617043637,-0.5294280486632724,-1.085870236014777,-0.9183508967620546,1
-0.4372090244842158,0.1911178144223344,0.14914011738493346,0.07722272611208221,-1.2990956149400978,0.1717109774635694,-0.9514409775182366,1.2454866074420712,-0.6209376517938626,-0.8165704705360545,-0.9682033208818726,-0.71222407062673,1.0008266792383433,-0.5770292559811473,-0.8711494522704961,-1.10285780975578,-0.6910166137552154,1
-0.20224465287689178,0.30100659666851304,0.25703215005711694,-0.05006565757910133,-1.0780787791072726,0.275189924997155,-0.8170789092888626,1.1385133931355236,-0.4765155945873679,-1.0419114042402582,-0.844795083539067,-0.6491783445909137,0.9075736579428139,-0.36416145790637655,-1.2102619278593385,-0.9106831989627813,-0.5988562245229999,1
-0.0927438377940609,0.06057382025930402,0.022111005164341883,0.15361889662604652,-0.6276620196365563,0.0371047806937933,-0.7534635779998594,0.8801958775617724,-0.5207390308309189,-0.7478348473353472,-0.9296379770103615,-0.5473211058482101,0.8082078661035388,-0.3595254231402439,-0.714243501648104,-0.9913373434090803,-0.36981746756926,1
-0.43299561907036804,-0.4533844860323972,-0.4659481997213665,0.8049648232839245,-0.5794275659231718,-0.4628455628139919,-0.7511704719948563,0.6416435893200967,-0.9488129176705412,-0.7649536801900765,-0.9460308155214834,-0.8045118870459161,0.8784810797886059,-0.9500907440785736,-0.6029273079953659,-0.8861232414183942,-0.626380922552153,1
-0.745332003264095,-0.5129802089978062,-0.5212962522870976,0.6047641214092769,-1.0461381348248164,-0.5106050413734938,-0.8820248151948062,0.8665674945123745,-1.1580948895524346,-0.8829792608696794,-0.9885080410193324,-0.784781822972432,1.0439235230739479,-1.335877637108988,-0.844087180732451,-0.9940937411733434,-0.6239468738698444,1
-0.5701545245015874,0.2738217637694442,0.23025942183131953,0.2526581582157734,-1.2356626048940142,0.25695673996701385,-0.9712164506466123,1.0741941747823234,-1.146014306016031,-0.8700613932995711,-0.9521641591766927,-0.7436993128334854,1.0588544543252332,-1.3340611558682633,-0.8849001479176221,-1.0005917408988423,-0.6427308697265243,1
1.3571290142505923,-0.6096319663611983,-0.610509325132424,-0.41423408970861275,-0.7811960183146084,-0.5835623098901075,-0.9334414784363457,0.6318597901002025,-1.024695191034561,-0.8617042043430908,-1.0069843274678631,-0.8349988962865901,0.9661972483781509,-1.065688536456917,-0.7413320454276816,-0.9625268274313363,-0.633795660618797,1
1.321943418360954,2.426650811907058,2.517072172272304,1.1804791848772134,-0.9332416498485554,2.3973791547439243,-1.1379311077794059,1.2613274238729513,-1.0751882607124184,-0.9545354075082085,-1.1164164603723812,-0.8513547505865633,1.2513548837422344,-1.2168450666915782,-1.0198235811655187,-1.2778526881528325,-0.8106277634098199,1
-0.6892849883072957,-0.7959633356994177,-0.7805800596245244,0.4503310431673761,-0.7776215532182864,-0.7912860762550018,-1.1462501474750473,0.6716467166873761,-1.0068570119050455,-0.5071281038735822,-1.0838142578120815,-0.932193814370073,0.9703890844920356,-1.0410858473921274,-0.08704065051433095,-1.129267674476159,-0.8327771843397327,1
-0.3956863516535736,-0.8242194982422315,-0.8061496119493793,0.7586843851059006,-0.7640605588186226,-0.8288763835390606,-0.9389741248598877,0.40295013723090095,-0.9214912980951638,-0.5105513214123005,-0.9174527345209459,-0.7581875065906981,0.6934850617430265,-0.8780849970355471,-0.08394890860885683,-0.7958043970796789,-0.5026388138458295,1
-0.8277668326872653,-1.0716165357224667,-1.027540981040047,0.8031097152190072,-1.0231432514547822,-1.0561248078185512,-0.9399881362112876,0.5339823473542885,-0.8145940042998074,-1.072986847221152,-0.8362718472252801,-0.9832871144948255,0.8554849773916418,-0.6695527297172873,-1.148278189065265,-0.6234455232486765,-0.9149241638648394,1
-0.5200712185103431,-0.3995189287113982,-0.41569936910701666,0.4906593279413238,-0.8777642677219542,-0.4073000992777543,-0.9537383067535556,0.8136090730090153,-0.7966281358690674,-0.9351609719236427,-0.8914019738744221,-0.8849292694471071,0.9279522521060486,-0.7242335188646333,-0.9566561593420114,-0.843116054555442,-0.8247595553302582,1
-0.6773523772647323,-0.31893410303345077,-0.3401308037580102,0.5985872971848032,-0.9560805863191795,-0.3225056345845818,-0.9871101466201401,0.8308213531676417,-0.7642920216378118,-0.7851577166104541,-0.988906331080967,-0.6047577469470814,0.8908796482381702,-0.6907089043627413,-0.7193254349265068,-1.0401373124882867,-0.3808067090098408,1
0.0813044939503147,-1.2667848891241833,-1.1990488598558078,0.4594362604358652,-0.8976824728265942,-1.2711456706409658,-1.1277926214521363,0.596236662405801,-0.822970527670594,-0.6816348861258218,-1.2016715938817597,-0.9759555030833265,1.0569983992092453,-0.6321520003734816,-0.3217117149875662,-1.3203708328565555,-0.8511418353460377,1
-1.7743010753040231,-0.02838224861877698,-0.06373898817980568,-1.0435439071030395,-0.7604171152972571,0.03412336186066273,-1.1104151559225293,0.48431851720897007,-0.9054549354239855,-0.8773606543617707,-1.177729078646355,-0.8156327682493113,1.0250510556024144,-0.7634781722345697,-0.6789726856413926,-1.2425453719197856,-0.4780878105805332,1
0.011398581745295703,0.6091391677643934,0.5642556274105345,-1.409737454792469,-0.837535105273772,0.5766877198184259,-1.040930536732223,0.9926092490544931,-0.8890752681255473,-0.8937195316119535,-1.0603855756269223,-0.7806744273404003,1.0775830616694921,-0.8900837736666419,-0.8934325722008662,-1.156601470026728,-0.6594460247009654,1
0.3504342635041872,1.3231717426628753,1.302756004131223,1.2677601029668757,-1.2181139197558948,1.2811728590413896,-0.9477883273962534,1.3286480295046044,-0.7114382727646164,-0.8450651460685672,-0.8641933388525416,-0.8993175719617094,1.02091569442763,-0.7295336315528997,-0.9299088403557592,-0.9607286201124411,-0.98358641155709,1
-0.26767634679261887,-0.02808186938836695,-0.0634500668988804,0.6750380005662535,-1.170181607978547,-0.04781611690890221,-0.8891602799410546,1.0233974556178838,-0.7630931119201557,-0.9220733749013372,-0.8204262995420306,-0.7928251573200072,0.9152889022598204,-0.7486327777320531,-0.998893190981897,-0.8213092243165585,-0.7641654555025857,1
-0.47968653479589457,0.036422397411970564,-0.0012541101493472493,0.011572763288443446,-1.0894503474658228,0.020579395696311363,-0.9081260153992328,0.9429243989476636,-0.6401412754731938,-0.963592729555346,-0.801939492353438,-0.9954332523093411,0.9135830931538872,-0.5240884739112003,-1.0450450316249882,-0.75468021093329,-1.0564858279417235,1
-0.9457449592413999,0.2096327595103793,0.16725703568470227,-0.2605107874298312,-0.9806488206276792,0.2092285281817205,-0.7698124668230216,0.9516617828077184,-0.6117357892819777,-0.8889964260757393,-0.679675565620724,-0.8542393083007934,0.7940919212483257,-0.5413536675844661,-0.965327765444589,-0.6246769485124211,-0.882378584925764,1
-0.42440219261305206,-0.025209198401733315,-0.06068664190640886,-0.3702520347593642,-1.0210381944407854,-0.04157516865238384,-1.0900209313907234,0.9927087970686855,-0.9827303636367452,-0.9800549979200078,-0.7481649748703101,-1.0432392526076466,0.969211904838253,-1.072128691038346,-1.069473262838537,-0.6583762159496718,-1.1305102357198715,1
-0.41082505340414566,-0.3752584145287115,-0.3929987814391496,0.01053946084325388,-1.1352981391610018,-0.3865202021169383,-1.3932258429572504,0.761939415699072,-0.9221123600180184,-0.8749737774251217,-1.112717004548286,-1.2025432162364105,1.1786384874907871,-0.851198864368651,-0.7410198025582541,-1.1530366234936058,-1.3154647561583808,1
-0.3791991765398046,-0.31614491685652696,-0.3375067723292247,0.07310819370233401,-1.1922589239933967,-0.32910858083694505,-1.2506068962294827,1.024705003812583,-1.0166932163642568,-0.7750373843034756,-1.1163535026589924,-1.0395464558855672,1.1935890877594122,-1.0894823562028342,-0.6558423595872481,-1.2342727760362207,-1.0731844447886347,1
-0.7427183394294762,0.8220951002953408,0.7806236860358752,0.05149810068757847,-0.8108274329553071,0.8025373657449226,-1.1107502832649738,1.1006656246687112,-1.072903909476549,-1.1437296694736772,-0.9943758718889638,-0.9096201273949844,1.1888116765982082,-1.1999196223924908,-1.3217795373000498,-1.0368586157753394,-0.8747229285117399,1
1.4317425643372126,-0.22969178552479347,-0.25589183291362444,-0.9339112613103767,0.1435870881885116,-0.20574310390401698,-0.9417686582191374,0.676138729801538,-0.975741238462665,-0.6655552637538751,-0.891518643251412,-0.9297887117640149,0.8667534898699111,-1.0111740928903614,-0.4468916105477983,-0.805888055949478,-0.8714830205681474,1
-0.9104442785472278,-0.3650761461455473,-0.3834584532916703,0.5736664766549108,-0.857326033133346,-0.3574694810861299,-0.9240264075458389,0.830507636614288,-0.411993989207548,-0.5594165381637278,-0.9942000158253828,-0.6418934890773471,0.795263662923418,-0.16712705036882916,-0.3943620621103349,-1.0860548952385431,-0.49885389663361823,1
-0.4904151371071432,0.44428114790255785,0.39902398245457327,-0.3748893812660935,-0.8559831717189956,0.4223458320934112,-0.978204583113316,1.0350136141053412,-0.9369685899060876,-0.725450922281251,-0.9218973735480636,-0.7722471802678021,0.9657051550979555,-1.0089702191316738,-0.6711961762313059,-0.9716334266045918,-0.7142843237198523,1
-0.16567858572661331,0.9132030779550262,0.8742001215906217,-0.6903283261338143,-0.9806672952382638,0.8775955074860363,-0.8096157651625844,1.127509716783462,-0.6470183721849618,-0.8387829694699038,-0.8061812172300363,-0.7352456320051296,0.8886518355018062,-0.6205072254481766,-0.9083554521918301,-0.8548696492306184,-0.7301262057183433,1
0.2521047832326997,0.12078689031891232,0.0805486532021149,0.1945961454049374,-1.0418338102395743,0.09607172320207426,-0.9229583693977059,0.8339611052245705,-0.8350976567047552,-0.8560514347076796,-0.9467575066578487,-0.9577315509390227,0.9793185878563145,-0.7791392131303481,-0.8077094842666246,-0.9298742226206231,-0.937917549066307,1
0.0376207799631511,-0.04748447709755111,-0.08209906830503229,0.11480908866451354,-1.239964221294097,-0.07013045861710669,-1.0765047177292366,0.9302664197312807,-1.1137595833070466,-0.9405566694074214,-0.954952427018538,-0.9296113363756401,1.080834122144246,-1.2615392064526751,-0.9550096241945549,-0.9428880147042448,-0.8875551452633471,1
-0.24131583055870123,0.6045329050257765,0.5596120485606062,-0.32831449291166903,-0.8656447117095183,0.5746812670545008,-1.0003928689967778,1.1862612024286976,-0.9198431608763387,-0.9340008185409134,-1.020637431875839,-0.9383834967619191,1.1534592343488967,-0.9697975431228989,-0.9930366978506854,-1.1211575025774254,-0.9607808912169459,1
0.06351579760857799,0.5366705839043959,0.4913790253359854,-0.3584204779667171,-0.5176768731350883,0.505159731433433,-0.7711635188695877,1.0164735399968874,-0.9068064803317935,-0.8709103511902498,-0.8249652440517327,-0.6070231823189339,0.8889217696551764,-0.9774423177777777,-0.9248453912877543,-0.8384534664830959,-0.487808796798753,1
-0.5179853068048844,1.0327733888274886,0.9979272506109382,-0.33829325893762163,-1.0144765122101664,1.0023857771268272,-0.8567404880398733,0.9593282790848927,-0.7728848246601034,-0.8558768323533075,-0.8153457635114804,-0.7717873970977905,0.8769716214976134,-0.7566428829867928,-0.8876354235668259,-0.8033404519287501,-0.7226215681871184,1
1.473875210594762,-0.23396659622901236,-0.2599402024697875,-1.1521173455965863,-0.5772499445708864,-0.20711928918194128,-1.0798052264559659,1.0488648144452526,-0.7120320211714025,-0.7766330008451521,-1.0068193675189538,-0.98771400169208,1.046520809362894,-0.6255775844712961,-0.7264949783844068,-1.0903145714405102,-1.0338361515311225,1
-2.120498912591144,-0.856113667759214,-0.8349414164394743,1.2269792573164209,0.27561472357910594,-0.738839478891115,-0.9730045101100404,0.6212394634921112,-0.9459008248386026,-0.9875894797055348,-1.1335552534579856,-0.7170038062141714,1.0438461989451253,-0.8906720539107185,-0.9567792390709423,-1.1888281359176833,-0.3587129049735221,1
0.5786526550310358,0.6674442360402945,0.6231665898747681,-0.20323287904343054,-0.6684131092673101,0.6392539869569576,-0.9705615981278605,1.0783034216177307,-0.72007725226409,-0.8457714803870148,-1.030753359815115,-0.6982993206935076,1.0168832878036393,-0.6612415030095407,-0.8605758854211876,-1.1498304123746668,-0.5919418629407546,1
0.09092402427038085,0.1846870366128453,0.14285342679578092,-0.28056310507109855,-1.1687390892334895,0.15845040283254827,-1.0599490032663557,0.8086518559408171,-0.7645597542658067,-1.0295254179130688,-0.984534832026292,-0.8085647550450848,0.9869643238370632,-0.6434630000234826,-1.1051997927525137,-0.985970419047882,-0.664726489492359,1
0.12497987733644451,0.28186607963485844,0.23817618482609007,-0.4701832603668892,-0.9194256953653,0.2541785800160142,-0.8842751795551816,1.0760551443112094,-0.8791059115823886,-1.0319735167201953,-0.9276001709855851,-0.7946537011099358,1.042029660912569,-0.906424686323862,-1.1555268994009615,-0.9658508456188467,-0.7330480729887808,1
0.10281922260966468,1.135259661852637,1.104805039359339,-0.28291949534902844,-0.6417383184551327,1.094699591327072,-0.7115824040271671,1.272606700211244,-0.9732436596343097,-0.9404158372695454,-0.7480623082290783,-0.7869218499480464,0.9765847376743174,-1.1081739407921523,-1.069486718928819,-0.781846489661219,-0.8202844857457119,1
0.268193324568764,1.3220063752337174,1.3015204549920751,0.27516699560208324,-0.9443069170934035,1.279261221285403,-0.8939188731470102,1.4667231892836663,-0.5969648368729242,-0.7347202807459522,-0.796181604589557,-0.8550576502815826,0.967433357732393,-0.6337278922007314,-0.829123009170141,-0.9284938212350637,-0.9761268962068694,1
0.7710555304959621,0.3239641538960599,0.2796835990736415,0.8539956096550173,-0.9612375633766684,0.3063469792912957,-0.9812607840573978,0.9933079048990165,-0.7086227857131512,-0.722214891152946,-0.9802786527690915,-0.6871966815670983,0.9303214171572427,-0.6465166300131105,-0.6647660933451548,-1.0681641374866144,-0.5787046416784021,1
-0.14738496170949564,0.6716012787276866,0.6273762859170452,-0.3180788024218073,-0.6868056693000826,0.6394441300935472,-0.6668015145796945,0.7091815442295109,-0.8348948354438006,-0.7093680162712195,-0.8565473073909468,-0.7168907997215495,0.7893814388519924,-0.8026592203358498,-0.582810036141726,-0.7986974622564449,-0.5583389360541933,1
1.6545890591077839,-0.13635949147380888,-0.16717175254471983,-1.8662490963106897,-0.2707661451251745,-0.09834413827916902,-0.6414983920242121,0.9225517462304217,-0.8430444840288966,-1.0125600139414128,-0.9211760451792783,-0.5948993985134017,0.9364137686079331,-0.8361797655503115,-1.1148673198841352,-0.9391021868827217,-0.39026361132386833,1
-1.595757063251196,-0.9211880209399597,-0.8934561928660034,0.4330253129641532,-0.4600282733865431,-0.8556624915219252,-0.9182414362822603,0.750261072190659,-1.0475241286889205,-0.7845417297342202,-0.9551046094899918,-0.7650060440668821,0.9345802319496284,-1.1398487919216247,-0.6644686049973709,-0.9282852280071644,-0.5847471056085785,1
0.41765195357396995,-0.03340241676278504,-0.06856668975946305,-0.5125911335152231,-0.7098512607714065,-0.05388552455867314,-1.0197122503546738,0.7863625608338098,-0.695900987977927,-0.8318182731460064,-1.004489814036857,-1.0067811378638145,0.9850876739097401,-0.5130504447381897,-0.7437386218049419,-1.0150730988016008,-1.0056578264786225,1
0.14229442766119774,-0.18081802024861499,-0.209512383082301,-0.8418690147626781,-0.6027265190986186,-0.20150499008500686,-1.1693952869794735,0.908102041856593,-0.7970934707675532,-0.8886027475118096,-1.0440605905139748,-0.9236619266253496,1.0610186957946721,-0.7105661260290704,-0.8625367226648971,-1.1055409829059857,-0.8763657292928029,1
0.3234227905045657,-0.010164955720657877,-0.0462047086771244,0.4692923058412602,-0.9126662567233522,-0.03224738683580643,-1.072203038827165,0.9502557757937309,-1.115965021747754,-1.0198319217479814,-0.9252960175532718,-0.9482103637974327,1.089429329340869,-1.266817699164642,-1.0975260494840708,-0.8932784099032621,-0.9236490582252118,1
-0.2316751108504375,0.6362544638899461,0.5916219071096036,-0.20175783561977162,-0.7598761898216262,0.6057678887747995,-0.6377868393900697,0.72477540045661,-0.9191454626354544,-0.681734262271911,-0.6830526394185097,-0.7767108200579549,0.7134935158950944,-0.9713643119091722,-0.5841171657869595,-0.5514536110927138,-0.7051514774304827,1
-0.016140211250340958,1.4285820094843227,1.414923414229923,-1.0405875926954784,-0.8720229016563287,1.3838980974291297,-0.6236555717772375,1.4436844686827626,-0.7451792777281397,-0.8970211259546953,-0.6243771409614092,-0.9227004201536686,0.9348215634494432,-0.8382069224272028,-1.0550934490155004,-0.6919510841385976,-1.071300522423348,1
1.0374342077393,0.8867622824411107,0.8469806891312015,-1.054609203116496,-0.7132686750227973,0.8700215881217406,-0.7779184627585043,1.1643471286542602,-0.7383356957746734,-0.7469370867362755,-0.7384496597615496,-0.9246802650224971,0.8967536529537602,-0.7635532075340713,-0.780241273938097,-0.7615027969297471,-1.0158216658383221,1
-0.40840109711103517,0.5687215212351011,0.5235632514950721,-0.4205291360206888,-1.0076520693727036,0.542732597586422,-0.9172098448627986,0.9206853881808048,-0.7273669282426731,-0.6389926623548325,-0.8597035193522453,-0.9153033472714027,0.8720470978537043,-0.6727972498751452,-0.5265812547551352,-0.8625295296394431,-0.9358997361163571,1
1.1465924625937836,0.3012478464035909,0.2572699835109904,-0.30707583577911307,-0.9331048155810733,0.2993505910498713,-0.9804250962648419,1.1557466752826582,-0.7807225152871617,-0.8483918458185734,-0.9453868764577853,-0.8358031831907938,1.026050481298661,-0.7788139150994967,-0.8852948613057752,-1.029427018630817,-0.8339066672507506,1
-0.397055565817005,0.9110980031651135,0.8720311906410823,-0.018524111953229148,-0.8760910873011014,0.8795446865008227,-0.9010107293897813,1.5879357705923183,-0.9547588834564082,-0.6739128668730251,-0.7086575801800893,-1.017968675031239,1.0228921014225523,-1.1232143259222798,-0.7609108938748993,-0.821913586016114,-1.2037437394853492,1
0.2728684896655424,-0.3611538701090428,-0.3797814425201755,0.7800211918280135,-0.9176708012614464,-0.3784175627340295,-1.1459879241551012,0.9990743744047754,-0.7096354411061996,-1.0484051612265501,-1.0148040957369484,-1.0890527794359577,1.1293454831115874,-0.568047302186447,-1.14952601924286,-1.059721931364932,-1.168410099708124,1
-0.48914195775747843,-0.6750801501687478,-0.6705340865286135,0.8278698052270564,-0.9787265569934509,-0.6794577324955744,-1.105659213687439,0.660274713461563,-0.5317651872430655,-0.7817132431209656,-1.0810290944936516,-0.6724346123255707,0.8682588068130498,-0.21376515855964504,-0.6475543870346366,-1.1542928232177723,-0.406282596984481,1
-0.43321598398974687,0.009763155196785686,-0.026996076233496275,0.7238794463322055,-1.1621892300393744,-0.006920539392878542,-0.8287545331884947,0.6856668599980758,-0.827197700875776,-0.397647430703725,-0.9628392469726724,-0.8522555377740164,0.811819558641494,-0.7725849696883392,-0.015424121313587228,-0.9675667927874476,-0.7643358143427776,1
-0.07572818115950072,0.23954488903298068,0.19657886884315917,1.1516653007168947,-1.0797614393943384,0.2132174867147087,-0.8533752301972929,1.0232967606558692,-0.9298085317880613,-0.38438705298320197,-0.8294414851787797,-1.0067786721587655,0.8871760875517946,-1.0148478790451148,-0.16931131232990645,-0.8494598220280632,-1.1036767358972959,1
-0.5536682029564146,0.5301183925794991,0.484808795157393,0.7792898459774596,-1.1387547284318713,0.5086814654066381,-0.9139866237926647,0.7126588305598729,-0.9250774782043582,-0.5764208341883313,-0.7007167561122751,-0.9846664986043653,0.7440141886596531,-0.9685987720054555,-0.38618326312941886,-0.5540462060248031,-1.023914396931655,1
0.0314256343389902,0.588334953546343,0.5432951445129329,-0.09905480396051347,-1.4517082889211732,0.5561239533742576,-0.91726812945893,1.2705810192603666,-0.7515527233857627,-0.963080422580957,-0.583213482706363,-0.9763877227941916,0.8923833835669278,-0.8151832466093459,-1.1227819142771667,-0.5789005264657341,-1.1172587068581832,1
-0.6944349355418633,1.1601845252322973,1.130913556573964,-0.0780744318346953,-1.478125001222897,1.1333813981612488,-1.1158062470636065,1.3484018540804001,-0.8974685079394229,-1.0386149038359969,-0.7441333498608789,-1.0464642660272394,1.056092222152168,-0.9944062036610793,-1.2111012503949201,-0.7682169082264922,-1.1917464268595812,1
1.4293889942876408,-0.2628677834516574,-0.287275552699472,-1.3417605233817338,-0.49204436331436147,-0.238462561279348,-1.2149827446091992,1.1725150520985792,-0.8775021554714972,-1.0809839000843064,-1.0510017163957859,-1.0810930186468353,1.2374190528837579,-0.8748973167092904,-1.2175613224007165,-1.1445367999624823,-1.1690686412908728,1
-0.2885957346292826,0.68192834961573,0.6378396063171848,-0.39271771767030206,-1.026970726179698,0.6516950660395848,-0.9741763973155935,1.0747496221906814,-1.087708949969353,-0.9617313900730449,-0.9499686032653744,-0.9966953424754886,1.1319491474088066,-1.2293836562474532,-1.016928641094238,-0.9693455804665846,-1.0308249849100433,1
0.207178210469563,0.018048880703473276,-0.019000984321839533,-1.200525987381427,-0.7131338930744406,-0.0053981437015020225,-0.9682038052002255,0.9858417171211555,-0.8714142551605221,-0.7317908067335648,-0.8477189920927387,-0.9590777096690334,0.9380420144265057,-0.9000569210107935,-0.673789855595121,-0.8395422295659193,-1.0033101453206412,1
0.10012667490771943,-0.7457950695735089,-0.7350385640446706,-0.8975574250168766,-0.832986736806183,-0.7580145184890121,-0.9960350141386599,0.5306685114723538,-0.7457438699304478,-0.9466204683421996,-0.9907823061925876,-0.9012039737236964,0.9000999362722593,-0.5162951569799125,-0.8890354704249059,-0.910238794355283,-0.7384895193489814,1
-0.21598020083106273,-0.07982437538086819,-0.11312194272666197,-0.02411292961655845,-1.0133927842508896,-0.0996322414956004,-0.8593094625334338,1.0627515915919625,-1.0648365511010331,-0.9936933831739972,-0.8804106279876692,-0.8982165186902188,1.0584910487778438,-1.2007823669216757,-1.086051220614717,-0.8732174438495046,-0.8888311324423049,1
-0.3615630334993406,0.6431180343841622,0.5985574994150522,0.5333654893119197,-1.2062794608588856,0.6149204421041362,-0.7744743787143471,1.0924442206633673,-0.9231389891389258,-0.9044232605798455,-0.8610946067509879,-0.7850378215702815,0.9815902292499048,-0.9963018834218134,-0.9697606949522979,-0.8861825135738197,-0.7502659468128403,1
-0.2405311520463712,0.5305927559363498,0.48528435951047877,0.583423833384856,-1.4057289556890047,0.5018571674979458,-1.022628386458454,1.4058386574971076,-0.8907278889248168,-1.0727896175202194,-0.9959277780485706,-1.0071243450962966,1.2272680424590274,-0.9547091867643368,-1.2419061820828707,-1.119013343452924,-1.1040279454490727,1
0.39309640707394095,-0.02943527831496115,-0.06475179822391984,0.31876748529309507,-1.2789203549482469,-0.050345567497809794,-1.0895291813521912,0.9955057237760461,-0.7869495713967333,-0.8268175745610759,-0.9968366902830118,-1.0066465428928137,1.0561337706859721,-0.726199822548054,-0.7875369347682148,-1.0518223133718987,-1.0471796095531696,1
-0.8922112082374674,0.5950357780207147,0.5500428605927182,0.2230698734884721,-1.070368871390434,0.5855554860900849,-1.0467515411668922,1.043851552498848,-0.7678951931225637,-0.589258964393517,-0.9375941512896593,-0.9466800431168854,0.9597441223570471,-0.7465782864042748,-0.45978824547455527,-1.0033767034577576,-0.99399409768934,1
0.6558246100396126,0.3005435487822141,0.2565756711581659,-0.6582526572892662,-0.9587856823251599,0.27992847570977086,-1.0431999369680824,0.9287692250119528,-0.6289689430137899,-0.78641106546194,-0.9511461912492134,-1.0116430735242645,0.9687874371347761,-0.4730089306114451,-0.7282095269494988,-0.9802653908059473,-1.0622455805425641,1
-1.846106247961922,0.12036861261313687,0.08014179803669122,2.428338019622985,-0.48374110052222347,0.18627001635659532,-0.9770291037918057,1.1157917083709554,-0.7379220020169872,-0.8788524025925739,-0.9742526620363344,-1.0340668824751242,1.0812365124888719,-0.678410521366153,-0.9046071098301692,-1.0443302477328287,-1.116471741383841,1
0.4925832937565108,1.1477793404336587,1.117913608594818,0.0853050240573348,-0.8160825310314848,1.110491770517358,-0.8522349590257177,1.156834561392531,-0.5842336405880333,-0.6183949500954309,-0.9360900612442951,-0.7898931334116579,0.9301401702617516,-0.5202433832997166,-0.5706892071810257,-1.050699497090102,-0.803460083548398,1
0.08450496762154427,0.34316039552121885,0.29865334764517765,-0.23603959903006216,-1.0892671796488285,0.31453978853992737,-1.0151395750672025,1.293962956728028,-0.7360039976931145,-0.7053995591001314,-0.8866652941204527,-0.9742361462193737,1.0183383291131536,-0.7558023369126725,-0.7137475272093904,-0.9847572633574831,-1.0843476438267365,1
0.2534449605130475,0.38401957617876414,0.33911978236728546,0.3410508850552654,-1.3501335274483923,0.3553373081541777,-0.9954354279275212,1.2398485478201324,-0.8069894459122832,-0.770364597817469,-0.9771011359061275,-0.8660688763389749,1.0620616320011576,-0.8317862858426536,-0.7771614455207588,-1.0945263521928876,-0.8945806707938658,1
0.0495403903553024,0.3326350929753611,0.2882489083147608,0.15245992224080687,-1.1247422265931515,0.30422754630157994,-0.9574499346803825,0.9408731432619536,-0.8338356206417924,-0.8319245037783629,-0.9871868092930691,-0.6454265846746853,0.9554685045454201,-0.8205377816111833,-0.8140247814390025,-1.052541801538043,-0.4717213797682754,1
0.014608683846701222,0.25446662897651073,0.21123049648859443,0.3334116855681737,-1.3306878416935646,0.22735029834002884,-1.073643869803326,1.2769735098370658,-0.9095235068902365,-0.9156013458103873,-1.1553736655807056,-0.974213577484407,1.272652572775893,-0.9447533993185203,-0.9534872621373406,-1.3436483062333833,-1.008762561974796,1
1.1099079691304086,0.023971395672877756,-0.013283146102370712,0.7271582230379966,-1.1320495939588833,0.02496347637684876,-1.1011489418630072,1.0964093858962385,-0.7398080125025364,-0.8391102697729933,-1.0442679520457911,-0.9687607275921033,1.0990748860850885,-0.6679304633329294,-0.8272410113637387,-1.1523918608254968,-1.0006795338255146,1
-0.8232145153129903,0.645359215966518,0.6008229414563753,-0.34459365242578527,-0.7117549068796808,0.6319708187483843,-0.8479641343656428,0.7259726210136056,-0.7003780520007982,-0.8057735800934808,-0.8927600116211952,-0.8090059068123138,0.8359406881758217,-0.5622419710738419,-0.7343462840242555,-0.8482013312848558,-0.6979979135194231,1
1.1010418447473156,-0.04649910247035894,-0.08115262685703917,-1.924244102816543,0.0561236623341761,-0.044748489945053725,-0.8498712085165656,1.0640025978749001,-0.8905052711720498,-1.0781876878574905,-0.8534558267127019,-0.8753342559466881,1.0218485852705042,-0.9272503011273752,-1.2326627474988905,-0.8439069145918322,-0.8658051806207444,1
-0.00986959248125374,0.7339041564666607,0.690619058030175,-0.07775402448345749,-1.1413231146519776,0.6996686063142702,-1.0928535586820178,0.9848783658565569,-0.4908637098774885,-0.8976224220059152,-0.8995977894411827,-1.0664842934622245,0.9636783600138639,-0.2780083244226073,-0.9339255408134997,-0.9154772233795861,-1.1674315371302613,1
-0.19541885876222634,0.3070837263437147,0.2630245142249023,-0.42981871680376743,-0.9916926414720026,0.28107739735573317,-1.009942547577704,1.0524807220108034,-0.7151015228638813,-0.6757465474654534,-0.9367905207820165,-1.0207342632202625,0.9878376540333058,-0.6554528692398461,-0.5884577180953052,-0.9941081708644173,-1.1045136304855598,1
-0.3372430238651056,0.49115960717350976,0.4458073096989226,0.016224724471121825,-0.8951570449587826,0.46479279211384195,-0.9857569084531063,1.095906687323007,-0.8701157764671612,-0.9143932173188083,-0.853046773381517,-0.9783337551729788,1.015060700405567,-0.9050168289484483,-0.9766603602483147,-0.8594193022133403,-1.0412230201783055,1
-0.31339589296056825,0.2776454318140497,0.2340218731471699,0.05683488403680277,-0.96125607805445,0.25408240873762594,-1.029300766201024,1.1033658054398434,-0.9267429698611838,-0.6019397832929964,-1.0308685139827134,-1.0393691392550015,1.0904043386872806,-0.977384632104261,-0.441134615953047,-1.1340717369256974,-1.1196737716259884,1
-0.22370803159168026,0.16859175778760746,0.1271319778723506,-0.6210780743714333,-1.1638010147682991,0.14511473917477924,-0.9556910042898142,1.1007336685855882,-1.1365780531238499,-1.022755777317818,-1.0186771436220814,-0.6901768877957049,1.1315121782700428,-1.313766928997235,-1.1260809098776914,-1.0989823716896356,-0.5325742678521613,1
-0.19520099389564116,0.570742187416851,0.5255948276889586,-0.24306646427967704,-0.8321629843871191,0.540720814192062,-0.9303673327245257,1.1324405320467301,-1.0005050386746324,-0.8754923660859273,-0.9042946157428013,-0.8470191167514354,1.0415789421377706,-1.1120886899408389,-0.91646669047658,-0.9475599715100156,-0.8372897631245567,1
0.10123302877177263,0.295221525030132,0.25133026883180354,-0.3432824045061481,-0.6277252154131293,0.2673176939536554,-1.0124980152395588,1.0380457912757997,-0.5237080438327316,-0.6905686716370163,-0.8858398053583704,-1.1450843557322072,0.949965342125143,-0.36502892031281087,-0.6236328497253446,-0.9193792944754631,-1.3058246977814543,1
-0.8021285060854978,0.35277357636129547,0.30816318812358234,-1.1746588626114243,-0.8085272811610087,0.34330638762819454,-1.0358548287590512,0.7706048699769202,-0.422485862145138,-0.7206990318811424,-0.9273151881001095,-1.0537909099807445,0.8624269113044544,-0.10033584753275285,-0.5956081354833737,-0.9183098546118778,-1.1190369889325233,1
0.9684765430589176,-0.8494649851625037,-0.8289455666433146,-2.3394330087713047,0.27336522968946714,-0.8404775935019347,-1.0366225860625677,0.7169542354369672,-0.9280217823661083,-0.9715426415223777,-0.8730021939428293,-0.8189681241767869,0.901217064201333,-0.9288009980342679,-0.999391752042099,-0.7749783222058927,-0.6793654386401059,1
0.514957894363903,0.7136473250248214,0.6700256228339931,0.5657869242528375,-0.936071211274936,0.6834263831619402,-0.855590170777686,0.9201574482961908,-0.8928653307527584,-0.7712403544380173,-0.9837322656183096,-0.8471861436093951,0.9936586762077912,-0.9003243998540961,-0.6887505866136493,-1.0247513843067835,-0.7769702906419432,1
-0.12730321214949536,-0.6384547103506114,-0.6369820830456796,-0.07849874593835468,-0.6295822864239322,-0.65097051954625,-0.9538875002372873,0.7727424763211368,-0.8275645133189945,-1.0025888092193065,-0.8647571268230866,-0.9019846182880968,0.9224483520204491,-0.7644520781399502,-1.064488271582086,-0.7775152185655683,-0.8397876549732852,1
-0.723604236188941,0.06137208447145884,0.022884005134065633,-0.7132028009434798,-1.035616408148949,0.05343433668530785,-0.986030666450337,0.9688632226929373,-0.9320329446271219,-0.8277394906625051,-0.8156593544787164,-0.9530508463891967,0.9425798073551217,-0.991516868935117,-0.8216844941700334,-0.7754980477831173,-0.9870143702054022,1
-0.47234454355283645,0.23650791247396594,0.19359885325077397,-0.4194073267927451,-1.1979841550471106,0.21732679745050698,-1.034051115160536,1.217106890392983,-0.7466277025604338,-0.7661224286483914,-1.0104913762008014,-0.9997305389667863,1.0979893396743607,-0.7199781691945601,-0.7494908683646581,-1.1305264873874792,-1.082366491036718,1
0.06776094145719454,-0.4270724756600849,-0.44142926921056064,0.020986471002471578,-1.28175308425861,-0.44406812138546975,-1.1164995043106964,0.8046873268543169,-0.923374642663127,-0.9921207951523159,-0.937838154056122,-0.9945988008796023,1.0241160569864507,-0.9111361817930335,-1.0273022712692947,-0.8813335002916675,-0.9775301931218623,1
-0.5368895074682395,-0.3504252048487698,-0.3697179321534851,0.1900631840798095,-1.2223829481411734,-0.35845396587054795,-1.0582945877458936,0.6500979856608573,-0.8943725859633792,-0.90245043725952,-1.0633023566170368,-0.9111087101882642,1.0194512870334058,-0.8080847258377379,-0.8074995634887767,-1.0632208042952553,-0.763450771166153,1
-0.10104372023663824,-0.04859677014685224,-0.0831673285424886,0.2443616565452656,-1.2048478350991392,-0.07033366522890873,-0.9625501445119704,0.9768566916748348,-0.5873543656166906,-0.9065673847580173,-0.9062882720754942,-0.8797952154232711,0.9411230044160108,-0.44132941458678693,-0.9532911975950815,-0.933319471889952,-0.8729186046109164,1
-0.9461851454287209,1.1012570934052048,1.0692606818890908,-0.4779450528132444,-0.952310360900931,1.0858129535265917,-1.0140972551796865,0.8617214964163804,-0.5623700249009966,-0.6555271339596697,-0.9796457909877475,-0.9315679600145143,0.9072954830551454,-0.36124242593586126,-0.5066977035665775,-1.0290488610010533,-0.9290872061563721,1
0.7408180444971296,0.5571108130555154,0.5118956172643142,-1.7227433965139183,-0.6334609809809119,0.5348721849381586,-1.1008368163489648,1.1360551385473154,-0.9580807286016398,-0.9127654488564954,-1.0873576097030349,-1.0926013875819178,1.2344301678524972,-1.0029752354736257,-0.921306558054803,-1.2002065646907365,-1.181300915805129,1
-0.4504877983415653,0.49834116226203445,0.4529884267919395,-0.0009255723753283557,-0.6487818430454901,0.4744897163929762,-0.7108711002829241,1.0987125506345503,-0.7945719890870232,-0.6766874751500024,-0.9833994948575691,-0.6977797474290031,0.969466543563352,-0.8021305481768752,-0.6177588377292961,-1.0935314973748258,-0.6235326799312885,1
0.21861009504204226,-0.6044318756273626,-0.6057267682336521,0.16911315026754906,-0.983895266533002,-0.6184204110809077,-1.1324735777278474,0.6112977426657126,-0.6998982766134197,-0.8713502790959359,-1.1137906162255944,-0.8821674015278316,0.9874081508163415,-0.42909980033377615,-0.7424456472872948,-1.1621008221367548,-0.7030727985147223,1
-0.1611326796924439,-0.11024520527444343,-0.1422343858465906,-0.006706078457915207,-0.6493589809180335,-0.130366574086382,-1.1341455132562919,0.8282001782690275,-0.713880704439484,-0.7748720187466462,-1.1025872998727928,-1.03940038072785,1.067696740265018,-0.5274613306729219,-0.6237982994066643,-1.1872190489458518,-1.0519841394661689,1
-0.06367153718451143,0.33268506581264357,0.2882982882482514,-0.3403063478459963,-0.25731043212698573,0.30485211833078507,-0.7990487057892609,0.7096829260564358,-0.980723661252101,-0.4787194535113351,-0.703130193736122,-0.9228029156288385,0.7210120198371367,-1.0649803410281495,-0.23750299575747702,-0.5714371190068768,-0.9307091031949198,1
-0.003996594956186724,0.5893621032946783,0.5443292699489135,0.04928581754357041,-0.6314232183066125,0.5572779359717764,-0.653150063830153,0.7902890549618428,-0.9776218570611457,-0.853580582503169,-0.7007795179593561,-0.5303070835033368,0.7372048938389388,-1.0744163864582204,-0.8788420769265598,-0.605077098592748,-0.3358692009709458,1
-0.3094785693892049,0.8154534832232384,0.773825760734059,-0.49208640331910325,-0.8854535304073261,0.7835576748601308,-0.6681497861621513,1.2982949901717116,-0.7761511657440708,-0.910122169018697,-0.9547174123848194,-0.6836123233924529,1.044514065726242,-0.8072922536060227,-1.0122067827556995,-1.0822960221590128,-0.649496517255486,1
0.23306849306505553,0.1598490964926352,0.11860028064622019,-0.7914979596828605,-0.6568312004265487,0.13441278921361344,-0.8559005489258152,0.9251530762908504,-1.044509408056635,-0.7791516123514927,-0.7351255853842957,-0.7725821853901634,0.8487210497109584,-1.1820940327052911,-0.7643146701866753,-0.6689358854774953,-0.7225753930581416,1
-0.4545010729662827,0.3845099141260163,0.3396061453249869,0.3299165358809837,-0.6469316483828248,0.3625378808681422,-0.8407796159370876,0.7744223013506734,-1.0444942538942636,-0.7760554233639795,-0.8496449213620038,-0.8715966421533821,0.8948895771779659,-1.146875879379455,-0.6779048511235114,-0.7648177136838112,-0.7996255303730303,1
0.8814375038177893,-0.2620492481674883,-0.28650220177816255,-0.46465095261943706,-0.4592427813372389,-0.2663684501470007,-0.8603318210815323,0.8127473276278331,-0.2997860359364919,-0.7405540138816653,-1.0131265448205007,-0.6553060069007494,0.8213677906610218,0.04431766970472702,-0.6680043650295194,-1.1021517335767352,-0.4953246449708153,1
-0.3815192825964279,0.21735569375365524,0.17482132337194312,0.23052095981745716,-0.9640392989143526,0.1961804056622617,-0.9435791921109173,0.8970908272341701,-0.7990905179536126,-0.9633837316341894,-1.0271157511001459,-0.682870111473934,1.0018132696044348,-0.7316006037127134,-1.0080780845941428,-1.0911283546724362,-0.48514036683023765,1
0.05614309377704459,0.007101425133699989,-0.029563381364969832,0.38860145215168557,-1.057227650022598,-0.016415111394154663,-0.9012104558803936,0.945647724187503,-0.6860966839035806,-0.8684099276555192,-1.0529303394167253,-0.7887746040723043,1.016371391749774,-0.5537881422851497,-0.8552750571495095,-1.1482003198085382,-0.6800675849368475,1
0.17670598561349712,0.09500198233305437,0.055491707749601306,-0.2516994520935539,-0.9936436654449855,0.07025795741455251,-0.8940396934572323,0.8452333054163391,-0.5862645107723921,-0.986359433689562,-0.8774017205931034,-0.6891081373762117,0.8560207203897079,-0.41984266684420085,-1.0732681038774294,-0.8668919527647015,-0.547926989646073,1
0.2032657325937328,-0.2685362171446392,-0.2926297415937913,-0.8014457326986308,-0.7054769359065977,-0.2876797467739009,-1.0169585361076883,0.9344904780039716,-0.8605389979288699,-0.8990333344678472,-0.9753183878597571,-1.007874864329408,1.0563486592386504,-0.8306911804180491,-0.8910504455904099,-0.9912115731309072,-1.0316157595764244,1
-0.016327862588753666,-0.8487407614388833,-0.8282922598827813,-0.08604754200832607,-0.701171542368967,-0.859058001771867,-1.0802539115925551,0.7676518882586761,-0.9031728583005114,-0.7697287309977139,-0.9958384548810567,-0.9375127571401795,0.9814335760354782,-0.8762750655333794,-0.6247765588213272,-0.9927339888460676,-0.8772465455877207,1
-0.6110662175163076,0.04955560506274405,0.01144624566389306,0.02902334652719318,-0.6912897215019244,0.03762115924070176,-0.8829250118348987,0.6795504032053957,-0.8719460486548766,-1.0504283811556465,-0.8879033107409139,-0.7524798847807085,0.8896828787263836,-0.8206959986495895,-1.1344987982080803,-0.7893378278684692,-0.54793490593771,1
0.46877207208940397,0.2755160547613244,0.23192645595082761,-0.3346450840726254,-0.9132988201460193,0.2511606509687122,-0.8970296110749104,1.1353360139398634,-0.814163483602692,-1.0728554098959326,-0.9701524268847355,-0.8034733261483997,1.0847165804874699,-0.8059257066925851,-1.2245626927875417,-1.0425874888448627,-0.7523250523636732,1
-0.7319513129309809,0.6074900669906167,0.5625929894323922,0.5037280827020283,-1.080881567093277,0.5909980760572323,-0.8791131112296398,0.874077842907376,-1.0372648041607735,-1.0446478351656368,-0.7148592572780567,-0.8347653708510377,0.8878000989598295,-1.1545340026103001,-1.168801679988201,-0.5841952945717115,-0.7827362348101334,1
0.2512580113749285,1.0996248421614865,1.0675565367779778,0.038204663271946424,-1.3403090481723956,1.0601179918232282,-0.9286422785784268,1.1407614943864888,-0.9570349706675952,-0.9139351436153912,-0.6639873027019186,-0.9713741326263686,0.9246360358300245,-1.0715620554888423,-1.0136629804320945,-0.6195738806698353,-1.0694174932820537,1
0.4363778630262031,0.9849231522578518,0.9482885641692678,0.45387351034737944,-1.2287773336154313,0.9491987527568438,-0.9075096239577648,1.0584797228977665,-0.7291654123207273,-0.9754553791063459,-0.9877269600810827,-0.9232726274786012,1.0686786831171493,-0.6483975253016325,-1.052277035474808,-1.0528229604305621,-0.9246703503876783,1
-0.2958247408440242,-0.28282515309121786,-0.30611614899178385,-0.398622836785286,-1.0483498361316872,-0.2981215097463479,-0.9934131215927284,0.7714163140379995,-0.9049656006724828,-1.116926690192338,-0.9035283149939056,-0.9780886598989394,1.0115931497008022,-0.871536201941718,-1.2504956128220477,-0.806145946377864,-0.9405388889936693,1
-0.17024935054495005,-0.2181947969351538,-0.2449972494859288,0.4804439597871383,-0.8285674244778861,-0.23655589658643283,-1.0079905684171933,0.9525344871582438,-0.84063420997062,-0.8507730707790442,-0.9824698111837505,-1.0743858006695495,1.0681801994691635,-0.7985137168622001,-0.8091102610349263,-1.0064377704007472,-1.1468868164835464,1
-0.11608195036797866,-0.4949250948322319,-0.5045553204267774,0.4904444115172468,-0.8349823718436477,-0.5097441419294376,-0.9216780590700369,0.6776025697951416,-1.0210612904316148,-1.1013681573117637,-0.9388348419053303,-0.8554117462562331,0.9954688187814613,-1.06339238728279,-1.206020642061853,-0.8358742848086039,-0.6818390189934413,1
-0.024883990255353625,-0.4194466149239921,-0.434313663440811,-0.8725772084360076,-1.0773331806384672,-0.43619168974275363,-0.9204398107567041,0.7188888030623344,-1.0721947839176467,-1.071743559678368,-0.9032740546352945,-0.8833116554618601,0.9928009594671352,-1.1675955633547885,-1.1597737238419261,-0.7882736201635654,-0.7542744260775119,1
-0.20427932051378186,-0.49419023801568734,-0.5038734490730704,-0.5804184660553311,-0.9876642688821559,-0.5078592192757223,-0.8521331102497054,0.5959653594798742,-0.9525027456537155,-0.7945226929457299,-0.7902254193230623,-0.9433373299787394,0.7987596500420118,-0.9659594028770548,-0.6722371604328995,-0.6078089851617104,-0.8897297838552359,1
0.0006058364722265314,-0.7555379782089259,-0.7438972731079351,0.2758195358905809,-0.7355020376565004,-0.7673563349270989,-1.0363642730988558,0.6181369507303006,-0.8271560067815853,-0.729279187549079,-0.9211028812742126,-0.8964738398014725,0.8446957773893699,-0.7334421034617975,-0.5421089786993027,-0.8429570421727224,-0.7963445218016523,1
-1.2068083594076953,0.7707433887467594,0.728147025177866,-0.3255761726825142,-0.8650904171227461,0.7749517943642609,-1.0282631652432686,1.0481710939389142,-0.6826477824931033,-0.7965307204600528,-0.8897684513320557,-1.0535848111689523,0.9845048179198589,-0.6037000176085735,-0.7828340603464037,-0.9150585529900949,-1.1563102170007955,1
0.2570385651945253,1.207472074488214,1.1805710707618045,-1.2486058341521789,-0.9744368895964923,1.1663763662041395,-0.8625295313530444,1.131946977562448,-0.7734167416159605,-0.9107506806346178,-0.8804085745215038,-0.7731785359940526,0.9768662222291571,-0.7772190641051009,-0.9914693373408244,-0.9348596193459885,-0.7492874095269803,1
